0.0
0.0017142857142857144
0.003428571428571429
0.005142857142857143
0.006857142857142858
0.008571428571428572
0.010285714285714285
0.012
0.013714285714285715
0.01542857142857143
0.017142857142857144
0.018857142857142857
0.02057142857142857
0.022285714285714287
0.024
0.025714285714285717
0.02742857142857143
0.02914285714285714
0.03085714285714286
0.03257142857142857
0.03428571428571429
0.036000000000000004
0.037714285714285714
0.03942857142857143
0.04114285714285714
0.04285714285714286
0.044571428571428574
0.04628571428571429
0.048
0.04971428571428572
0.051428571428571435
0.053142857142857144
0.05485714285714286
0.05657142857142858
0.05828571428571428
0.06
0.058285714285714274
0.056571428571428564
0.054857142857142854
0.05314285714285713
0.05142857142857142
0.04971428571428571
0.04799999999999999
0.04628571428571428
0.04457142857142857
0.042857142857142844
0.041142857142857134
0.039428571428571424
0.037714285714285714
0.03599999999999999
0.03428571428571428
0.03257142857142856
0.030857142857142847
0.029142857142857137
0.027428571428571413
0.025714285714285703
0.023999999999999994
0.02228571428571427
0.02057142857142856
0.01885714285714285
0.017142857142857126
0.015428571428571417
0.013714285714285707
0.011999999999999983
0.010285714285714273
0.008571428571428563
0.0068571428571428394
0.00514285714285713
0.0034285714285714336
0.001714285714285696
0.0
-0.0017142857142857099
-0.0034285714285714475
-0.0051428571428571435
-0.006857142857142867
-0.008571428571428591
-0.010285714285714287
-0.01200000000000001
-0.013714285714285734
-0.01542857142857143
-0.017142857142857154
-0.018857142857142878
-0.020571428571428574
-0.022285714285714298
-0.02400000000000002
-0.025714285714285717
-0.02742857142857144
-0.029142857142857165
-0.03085714285714286
-0.032571428571428584
-0.03428571428571431
-0.036000000000000004
-0.03771428571428573
-0.03942857142857145
-0.04114285714285715
-0.042857142857142844
-0.04457142857142857
-0.04628571428571432
-0.048000000000000015
-0.04971428571428571
-0.051428571428571435
-0.05314285714285713
-0.05485714285714288
-0.05657142857142858
-0.0582857142857143
-0.06
-0.058285714285714274
-0.05657142857142858
-0.05485714285714283
-0.05314285714285713
-0.05142857142857141
-0.04971428571428571
-0.04799999999999999
-0.04628571428571429
-0.04457142857142854
-0.042857142857142844
-0.04114285714285712
-0.039428571428571424
-0.0377142857142857
-0.036000000000000004
-0.03428571428571425
-0.03257142857142856
-0.030857142857142833
-0.029142857142857137
-0.027428571428571413
-0.025714285714285717
-0.023999999999999966
-0.02228571428571427
-0.020571428571428546
-0.01885714285714285
-0.017142857142857126
-0.015428571428571403
-0.013714285714285679
-0.011999999999999983
-0.01028571428571426
-0.008571428571428563
-0.006857142857142867
-0.005142857142857116
-0.003428571428571392
-0.001714285714285696
0.0
0.0
0.0017142857142857144
0.003428571428571429
0.005142857142857143
0.006857142857142858
0.008571428571428572
0.010285714285714285
0.012
0.013714285714285715
0.01542857142857143
0.017142857142857144
0.018857142857142857
0.02057142857142857
0.022285714285714287
0.024
0.025714285714285717
0.02742857142857143
0.02914285714285714
0.03085714285714286
0.03257142857142857
0.03428571428571429
0.036000000000000004
0.037714285714285714
0.03942857142857143
0.04114285714285714
0.04285714285714286
0.044571428571428574
0.04628571428571429
0.048
0.04971428571428572
0.051428571428571435
0.053142857142857144
0.05485714285714286
0.05657142857142858
0.05828571428571428
0.06
0.058285714285714274
0.056571428571428564
0.054857142857142854
0.05314285714285713
0.05142857142857142
0.04971428571428571
0.04799999999999999
0.04628571428571428
0.04457142857142857
0.042857142857142844
0.041142857142857134
0.039428571428571424
0.037714285714285714
0.03599999999999999
0.03428571428571428
0.03257142857142856
0.030857142857142847
0.029142857142857137
0.027428571428571413
0.025714285714285703
0.023999999999999994
0.02228571428571427
0.02057142857142856
0.01885714285714285
0.017142857142857126
0.015428571428571417
0.013714285714285707
0.011999999999999983
0.010285714285714273
0.008571428571428563
0.0068571428571428394
0.00514285714285713
0.0034285714285714336
0.001714285714285696
0.0
-0.0017142857142857099
-0.0034285714285714475
-0.0051428571428571435
-0.006857142857142867
-0.008571428571428591
-0.010285714285714287
-0.01200000000000001
-0.013714285714285734
-0.01542857142857143
-0.017142857142857154
-0.018857142857142878
-0.020571428571428574
-0.022285714285714298
-0.02400000000000002
-0.025714285714285717
-0.02742857142857144
-0.029142857142857165
-0.03085714285714286
-0.032571428571428584
-0.03428571428571431
-0.036000000000000004
-0.03771428571428573
-0.03942857142857145
-0.04114285714285715
-0.042857142857142844
-0.04457142857142857
-0.04628571428571432
-0.048000000000000015
-0.04971428571428571
-0.051428571428571435
-0.05314285714285713
-0.05485714285714288
-0.05657142857142858
-0.0582857142857143
-0.06
-0.058285714285714274
-0.05657142857142858
-0.05485714285714283
-0.05314285714285713
-0.05142857142857141
-0.04971428571428571
-0.04799999999999999
-0.04628571428571429
-0.04457142857142854
-0.042857142857142844
-0.04114285714285712
-0.039428571428571424
-0.0377142857142857
-0.036000000000000004
-0.03428571428571425
-0.03257142857142856
-0.030857142857142833
-0.029142857142857137
-0.027428571428571413
-0.025714285714285717
-0.023999999999999966
-0.02228571428571427
-0.020571428571428546
-0.01885714285714285
-0.017142857142857126
-0.015428571428571403
-0.013714285714285679
-0.011999999999999983
-0.01028571428571426
-0.008571428571428563
-0.006857142857142867
-0.005142857142857116
-0.003428571428571392
-0.001714285714285696
0.0
0.0
0.0017142857142857144
0.003428571428571429
0.005142857142857143
0.006857142857142858
0.008571428571428572
0.010285714285714285
0.012
0.013714285714285715
0.01542857142857143
0.017142857142857144
0.018857142857142857
0.02057142857142857
0.022285714285714287
0.024
0.025714285714285717
0.02742857142857143
0.02914285714285714
0.03085714285714286
0.03257142857142857
0.03428571428571429
0.036000000000000004
0.037714285714285714
0.03942857142857143
0.04114285714285714
0.04285714285714286
0.044571428571428574
0.04628571428571429
0.048
0.04971428571428572
0.051428571428571435
0.053142857142857144
0.05485714285714286
0.05657142857142858
0.05828571428571428
0.06
0.058285714285714274
0.056571428571428564
0.054857142857142854
0.05314285714285713
0.05142857142857142
0.04971428571428571
0.04799999999999999
0.04628571428571428
0.04457142857142857
0.042857142857142844
0.041142857142857134
0.039428571428571424
0.037714285714285714
0.03599999999999999
0.03428571428571428
0.03257142857142856
0.030857142857142847
0.029142857142857137
0.027428571428571413
0.025714285714285703
0.023999999999999994
0.02228571428571427
0.02057142857142856
0.01885714285714285
0.017142857142857126
0.015428571428571417
0.013714285714285707
0.011999999999999983
0.010285714285714273
0.008571428571428563
0.0068571428571428394
0.00514285714285713
0.0034285714285714336
0.001714285714285696
0.0
-0.0017142857142857099
-0.0034285714285714475
-0.0051428571428571435
-0.006857142857142867
-0.008571428571428591
-0.010285714285714287
-0.01200000000000001
-0.013714285714285734
-0.01542857142857143
-0.017142857142857154
-0.018857142857142878
-0.020571428571428574
-0.022285714285714298
-0.02400000000000002
-0.025714285714285717
-0.02742857142857144
-0.029142857142857165
-0.03085714285714286
-0.032571428571428584
-0.03428571428571431
-0.036000000000000004
-0.03771428571428573
-0.03942857142857145
-0.04114285714285715
-0.042857142857142844
-0.04457142857142857
-0.04628571428571432
-0.048000000000000015
-0.04971428571428571
-0.051428571428571435
-0.05314285714285713
-0.05485714285714288
-0.05657142857142858
-0.0582857142857143
-0.06
-0.058285714285714274
-0.05657142857142858
-0.05485714285714283
-0.05314285714285713
-0.05142857142857141
-0.04971428571428571
-0.04799999999999999
-0.04628571428571429
-0.04457142857142854
-0.042857142857142844
-0.04114285714285712
-0.039428571428571424
-0.0377142857142857
-0.036000000000000004
-0.03428571428571425
-0.03257142857142856
-0.030857142857142833
-0.029142857142857137
-0.027428571428571413
-0.025714285714285717
-0.023999999999999966
-0.02228571428571427
-0.020571428571428546
-0.01885714285714285
-0.017142857142857126
-0.015428571428571403
-0.013714285714285679
-0.011999999999999983
-0.01028571428571426
-0.008571428571428563
-0.006857142857142867
-0.005142857142857116
-0.003428571428571392
-0.001714285714285696
0.0
0.0
0.004285714285714286
0.008571428571428572
0.012857142857142857
0.017142857142857144
0.02142857142857143
0.025714285714285714
0.03
0.03428571428571429
0.03857142857142857
0.04285714285714286
0.047142857142857146
0.05142857142857143
0.055714285714285716
0.06
0.06428571428571428
0.06857142857142857
0.07285714285714286
0.07714285714285714
0.08142857142857142
0.08571428571428572
0.09
0.09428571428571429
0.09857142857142856
0.10285714285714286
0.10714285714285714
0.11142857142857143
0.11571428571428571
0.12
0.12428571428571428
0.12857142857142856
0.13285714285714284
0.13714285714285715
0.14142857142857143
0.1457142857142857
0.15
0.1457142857142857
0.14142857142857143
0.13714285714285715
0.13285714285714287
0.12857142857142856
0.1242857142857143
0.12
0.11571428571428571
0.1114285714285714
0.10714285714285715
0.10285714285714287
0.09857142857142856
0.09428571428571428
0.09
0.08571428571428572
0.0814285714285714
0.07714285714285712
0.07285714285714287
0.06857142857142856
0.06428571428571428
0.06
0.055714285714285716
0.051428571428571435
0.04714285714285715
0.04285714285714287
0.038571428571428534
0.03428571428571431
0.02999999999999997
0.02571428571428569
0.021428571428571463
0.017142857142857126
0.012857142857142845
0.008571428571428563
0.004285714285714282
0.0
-0.004285714285714282
-0.008571428571428563
-0.012857142857142845
-0.017142857142857126
-0.021428571428571408
-0.02571428571428569
-0.030000000000000027
-0.03428571428571425
-0.038571428571428534
-0.04285714285714287
-0.04714285714285715
-0.05142857142857138
-0.055714285714285716
-0.06
-0.06428571428571428
-0.06857142857142856
-0.07285714285714284
-0.07714285714285718
-0.0814285714285714
-0.08571428571428569
-0.09000000000000002
-0.09428571428571425
-0.09857142857142859
-0.10285714285714287
-0.10714285714285715
-0.11142857142857143
-0.11571428571428571
-0.12
-0.12428571428571428
-0.12857142857142856
-0.13285714285714284
-0.13714285714285718
-0.1414285714285714
-0.14571428571428574
-0.14999999999999997
-0.14571428571428574
-0.1414285714285714
-0.13714285714285712
-0.1328571428571429
-0.12857142857142856
-0.12428571428571428
-0.12
-0.11571428571428571
-0.11142857142857143
-0.1071428571428571
-0.10285714285714287
-0.09857142857142853
-0.0942857142857143
-0.08999999999999997
-0.08571428571428574
-0.0814285714285714
-0.07714285714285707
-0.07285714285714284
-0.06857142857142862
-0.06428571428571428
-0.05999999999999994
-0.055714285714285716
-0.05142857142857138
-0.04714285714285715
-0.04285714285714293
-0.03857142857142859
-0.03428571428571425
-0.029999999999999916
-0.02571428571428569
-0.021428571428571463
-0.017142857142857126
-0.0128571428571429
-0.008571428571428563
-0.004285714285714226
0.0
0.0
0.004285714285714286
0.008571428571428572
0.012857142857142857
0.017142857142857144
0.02142857142857143
0.025714285714285714
0.03
0.03428571428571429
0.03857142857142857
0.04285714285714286
0.047142857142857146
0.05142857142857143
0.055714285714285716
0.06
0.06428571428571428
0.06857142857142857
0.07285714285714286
0.07714285714285714
0.08142857142857142
0.08571428571428572
0.09
0.09428571428571429
0.09857142857142856
0.10285714285714286
0.10714285714285714
0.11142857142857143
0.11571428571428571
0.12
0.12428571428571428
0.12857142857142856
0.13285714285714284
0.13714285714285715
0.14142857142857143
0.1457142857142857
0.15
0.1457142857142857
0.14142857142857143
0.13714285714285715
0.13285714285714287
0.12857142857142856
0.1242857142857143
0.12
0.11571428571428571
0.1114285714285714
0.10714285714285715
0.10285714285714287
0.09857142857142856
0.09428571428571428
0.09
0.08571428571428572
0.0814285714285714
0.07714285714285712
0.07285714285714287
0.06857142857142856
0.06428571428571428
0.06
0.055714285714285716
0.051428571428571435
0.04714285714285715
0.04285714285714287
0.038571428571428534
0.03428571428571431
0.02999999999999997
0.02571428571428569
0.021428571428571463
0.017142857142857126
0.012857142857142845
0.008571428571428563
0.004285714285714282
0.0
-0.004285714285714282
-0.008571428571428563
-0.012857142857142845
-0.017142857142857126
-0.021428571428571408
-0.02571428571428569
-0.030000000000000027
-0.03428571428571425
-0.038571428571428534
-0.04285714285714287
-0.04714285714285715
-0.05142857142857138
-0.055714285714285716
-0.06
-0.06428571428571428
-0.06857142857142856
-0.07285714285714284
-0.07714285714285718
-0.0814285714285714
-0.08571428571428569
-0.09000000000000002
-0.09428571428571425
-0.09857142857142859
-0.10285714285714287
-0.10714285714285715
-0.11142857142857143
-0.11571428571428571
-0.12
-0.12428571428571428
-0.12857142857142856
-0.13285714285714284
-0.13714285714285718
-0.1414285714285714
-0.14571428571428574
-0.14999999999999997
-0.14571428571428574
-0.1414285714285714
-0.13714285714285712
-0.1328571428571429
-0.12857142857142856
-0.12428571428571428
-0.12
-0.11571428571428571
-0.11142857142857143
-0.1071428571428571
-0.10285714285714287
-0.09857142857142853
-0.0942857142857143
-0.08999999999999997
-0.08571428571428574
-0.0814285714285714
-0.07714285714285707
-0.07285714285714284
-0.06857142857142862
-0.06428571428571428
-0.05999999999999994
-0.055714285714285716
-0.05142857142857138
-0.04714285714285715
-0.04285714285714293
-0.03857142857142859
-0.03428571428571425
-0.029999999999999916
-0.02571428571428569
-0.021428571428571463
-0.017142857142857126
-0.0128571428571429
-0.008571428571428563
-0.004285714285714226
0.0
0.0
0.004285714285714286
0.008571428571428572
0.012857142857142857
0.017142857142857144
0.02142857142857143
0.025714285714285714
0.03
0.03428571428571429
0.03857142857142857
0.04285714285714286
0.047142857142857146
0.05142857142857143
0.055714285714285716
0.06
0.06428571428571428
0.06857142857142857
0.07285714285714286
0.07714285714285714
0.08142857142857142
0.08571428571428572
0.09
0.09428571428571429
0.09857142857142856
0.10285714285714286
0.10714285714285714
0.11142857142857143
0.11571428571428571
0.12
0.12428571428571428
0.12857142857142856
0.13285714285714284
0.13714285714285715
0.14142857142857143
0.1457142857142857
0.15
0.1457142857142857
0.14142857142857143
0.13714285714285715
0.13285714285714287
0.12857142857142856
0.1242857142857143
0.12
0.11571428571428571
0.1114285714285714
0.10714285714285715
0.10285714285714287
0.09857142857142856
0.09428571428571428
0.09
0.08571428571428572
0.0814285714285714
0.07714285714285712
0.07285714285714287
0.06857142857142856
0.06428571428571428
0.06
0.055714285714285716
0.051428571428571435
0.04714285714285715
0.04285714285714287
0.038571428571428534
0.03428571428571431
0.02999999999999997
0.02571428571428569
0.021428571428571463
0.017142857142857126
0.012857142857142845
0.008571428571428563
0.004285714285714282
0.0
-0.004285714285714282
-0.008571428571428563
-0.012857142857142845
-0.017142857142857126
-0.021428571428571408
-0.02571428571428569
-0.030000000000000027
-0.03428571428571425
-0.038571428571428534
-0.04285714285714287
-0.04714285714285715
-0.05142857142857138
-0.055714285714285716
-0.06
-0.06428571428571428
-0.06857142857142856
-0.07285714285714284
-0.07714285714285718
-0.0814285714285714
-0.08571428571428569
-0.09000000000000002
-0.09428571428571425
-0.09857142857142859
-0.10285714285714287
-0.10714285714285715
-0.11142857142857143
-0.11571428571428571
-0.12
-0.12428571428571428
-0.12857142857142856
-0.13285714285714284
-0.13714285714285718
-0.1414285714285714
-0.14571428571428574
-0.14999999999999997
-0.14571428571428574
-0.1414285714285714
-0.13714285714285712
-0.1328571428571429
-0.12857142857142856
-0.12428571428571428
-0.12
-0.11571428571428571
-0.11142857142857143
-0.1071428571428571
-0.10285714285714287
-0.09857142857142853
-0.0942857142857143
-0.08999999999999997
-0.08571428571428574
-0.0814285714285714
-0.07714285714285707
-0.07285714285714284
-0.06857142857142862
-0.06428571428571428
-0.05999999999999994
-0.055714285714285716
-0.05142857142857138
-0.04714285714285715
-0.04285714285714293
-0.03857142857142859
-0.03428571428571425
-0.029999999999999916
-0.02571428571428569
-0.021428571428571463
-0.017142857142857126
-0.0128571428571429
-0.008571428571428563
-0.004285714285714226
0.0
0.0
0.008571428571428572
0.017142857142857144
0.025714285714285714
0.03428571428571429
0.04285714285714286
0.05142857142857143
0.06
0.06857142857142857
0.07714285714285714
0.08571428571428572
0.09428571428571429
0.10285714285714286
0.11142857142857143
0.12
0.12857142857142856
0.13714285714285715
0.1457142857142857
0.15428571428571428
0.16285714285714284
0.17142857142857143
0.18
0.18857142857142858
0.19714285714285712
0.2057142857142857
0.21428571428571427
0.22285714285714286
0.23142857142857143
0.24
0.24857142857142855
0.2571428571428571
0.2657142857142857
0.2742857142857143
0.28285714285714286
0.2914285714285714
0.3
0.2914285714285714
0.28285714285714286
0.2742857142857143
0.26571428571428574
0.2571428571428571
0.2485714285714286
0.24
0.23142857142857143
0.2228571428571428
0.2142857142857143
0.20571428571428574
0.19714285714285712
0.18857142857142856
0.18
0.17142857142857143
0.1628571428571428
0.15428571428571425
0.14571428571428574
0.13714285714285712
0.12857142857142856
0.12
0.11142857142857143
0.10285714285714287
0.0942857142857143
0.08571428571428574
0.07714285714285707
0.06857142857142862
0.05999999999999994
0.05142857142857138
0.04285714285714293
0.03428571428571425
0.02571428571428569
0.017142857142857126
0.008571428571428563
0.0
-0.008571428571428563
-0.017142857142857126
-0.02571428571428569
-0.03428571428571425
-0.042857142857142816
-0.05142857142857138
-0.06000000000000005
-0.0685714285714285
-0.07714285714285707
-0.08571428571428574
-0.0942857142857143
-0.10285714285714276
-0.11142857142857143
-0.12
-0.12857142857142856
-0.13714285714285712
-0.14571428571428569
-0.15428571428571436
-0.1628571428571428
-0.17142857142857137
-0.18000000000000005
-0.1885714285714285
-0.19714285714285718
-0.20571428571428574
-0.2142857142857143
-0.22285714285714286
-0.23142857142857143
-0.24
-0.24857142857142855
-0.2571428571428571
-0.2657142857142857
-0.27428571428571435
-0.2828571428571428
-0.2914285714285715
-0.29999999999999993
-0.2914285714285715
-0.2828571428571428
-0.27428571428571424
-0.2657142857142858
-0.2571428571428571
-0.24857142857142855
-0.24
-0.23142857142857143
-0.22285714285714286
-0.2142857142857142
-0.20571428571428574
-0.19714285714285706
-0.1885714285714286
-0.17999999999999994
-0.17142857142857149
-0.1628571428571428
-0.15428571428571414
-0.14571428571428569
-0.13714285714285723
-0.12857142857142856
-0.11999999999999988
-0.11142857142857143
-0.10285714285714276
-0.0942857142857143
-0.08571428571428585
-0.07714285714285718
-0.0685714285714285
-0.05999999999999983
-0.05142857142857138
-0.04285714285714293
-0.03428571428571425
-0.0257142857142858
-0.017142857142857126
-0.008571428571428452
0.0
0.0
0.008571428571428572
0.017142857142857144
0.025714285714285714
0.03428571428571429
0.04285714285714286
0.05142857142857143
0.06
0.06857142857142857
0.07714285714285714
0.08571428571428572
0.09428571428571429
0.10285714285714286
0.11142857142857143
0.12
0.12857142857142856
0.13714285714285715
0.1457142857142857
0.15428571428571428
0.16285714285714284
0.17142857142857143
0.18
0.18857142857142858
0.19714285714285712
0.2057142857142857
0.21428571428571427
0.22285714285714286
0.23142857142857143
0.24
0.24857142857142855
0.2571428571428571
0.2657142857142857
0.2742857142857143
0.28285714285714286
0.2914285714285714
0.3
0.2914285714285714
0.28285714285714286
0.2742857142857143
0.26571428571428574
0.2571428571428571
0.2485714285714286
0.24
0.23142857142857143
0.2228571428571428
0.2142857142857143
0.20571428571428574
0.19714285714285712
0.18857142857142856
0.18
0.17142857142857143
0.1628571428571428
0.15428571428571425
0.14571428571428574
0.13714285714285712
0.12857142857142856
0.12
0.11142857142857143
0.10285714285714287
0.0942857142857143
0.08571428571428574
0.07714285714285707
0.06857142857142862
0.05999999999999994
0.05142857142857138
0.04285714285714293
0.03428571428571425
0.02571428571428569
0.017142857142857126
0.008571428571428563
0.0
-0.008571428571428563
-0.017142857142857126
-0.02571428571428569
-0.03428571428571425
-0.042857142857142816
-0.05142857142857138
-0.06000000000000005
-0.0685714285714285
-0.07714285714285707
-0.08571428571428574
-0.0942857142857143
-0.10285714285714276
-0.11142857142857143
-0.12
-0.12857142857142856
-0.13714285714285712
-0.14571428571428569
-0.15428571428571436
-0.1628571428571428
-0.17142857142857137
-0.18000000000000005
-0.1885714285714285
-0.19714285714285718
-0.20571428571428574
-0.2142857142857143
-0.22285714285714286
-0.23142857142857143
-0.24
-0.24857142857142855
-0.2571428571428571
-0.2657142857142857
-0.27428571428571435
-0.2828571428571428
-0.2914285714285715
-0.29999999999999993
-0.2914285714285715
-0.2828571428571428
-0.27428571428571424
-0.2657142857142858
-0.2571428571428571
-0.24857142857142855
-0.24
-0.23142857142857143
-0.22285714285714286
-0.2142857142857142
-0.20571428571428574
-0.19714285714285706
-0.1885714285714286
-0.17999999999999994
-0.17142857142857149
-0.1628571428571428
-0.15428571428571414
-0.14571428571428569
-0.13714285714285723
-0.12857142857142856
-0.11999999999999988
-0.11142857142857143
-0.10285714285714276
-0.0942857142857143
-0.08571428571428585
-0.07714285714285718
-0.0685714285714285
-0.05999999999999983
-0.05142857142857138
-0.04285714285714293
-0.03428571428571425
-0.0257142857142858
-0.017142857142857126
-0.008571428571428452
0.0
0.0
0.008571428571428572
0.017142857142857144
0.025714285714285714
0.03428571428571429
0.04285714285714286
0.05142857142857143
0.06
0.06857142857142857
0.07714285714285714
0.08571428571428572
0.09428571428571429
0.10285714285714286
0.11142857142857143
0.12
0.12857142857142856
0.13714285714285715
0.1457142857142857
0.15428571428571428
0.16285714285714284
0.17142857142857143
0.18
0.18857142857142858
0.19714285714285712
0.2057142857142857
0.21428571428571427
0.22285714285714286
0.23142857142857143
0.24
0.24857142857142855
0.2571428571428571
0.2657142857142857
0.2742857142857143
0.28285714285714286
0.2914285714285714
0.3
0.2914285714285714
0.28285714285714286
0.2742857142857143
0.26571428571428574
0.2571428571428571
0.2485714285714286
0.24
0.23142857142857143
0.2228571428571428
0.2142857142857143
0.20571428571428574
0.19714285714285712
0.18857142857142856
0.18
0.17142857142857143
0.1628571428571428
0.15428571428571425
0.14571428571428574
0.13714285714285712
0.12857142857142856
0.12
0.11142857142857143
0.10285714285714287
0.0942857142857143
0.08571428571428574
0.07714285714285707
0.06857142857142862
0.05999999999999994
0.05142857142857138
0.04285714285714293
0.03428571428571425
0.02571428571428569
0.017142857142857126
0.008571428571428563
0.0
-0.008571428571428563
-0.017142857142857126
-0.02571428571428569
-0.03428571428571425
-0.042857142857142816
-0.05142857142857138
-0.06000000000000005
-0.0685714285714285
-0.07714285714285707
-0.08571428571428574
-0.0942857142857143
-0.10285714285714276
-0.11142857142857143
-0.12
-0.12857142857142856
-0.13714285714285712
-0.14571428571428569
-0.15428571428571436
-0.1628571428571428
-0.17142857142857137
-0.18000000000000005
-0.1885714285714285
-0.19714285714285718
-0.20571428571428574
-0.2142857142857143
-0.22285714285714286
-0.23142857142857143
-0.24
-0.24857142857142855
-0.2571428571428571
-0.2657142857142857
-0.27428571428571435
-0.2828571428571428
-0.2914285714285715
-0.29999999999999993
-0.2914285714285715
-0.2828571428571428
-0.27428571428571424
-0.2657142857142858
-0.2571428571428571
-0.24857142857142855
-0.24
-0.23142857142857143
-0.22285714285714286
-0.2142857142857142
-0.20571428571428574
-0.19714285714285706
-0.1885714285714286
-0.17999999999999994
-0.17142857142857149
-0.1628571428571428
-0.15428571428571414
-0.14571428571428569
-0.13714285714285723
-0.12857142857142856
-0.11999999999999988
-0.11142857142857143
-0.10285714285714276
-0.0942857142857143
-0.08571428571428585
-0.07714285714285718
-0.0685714285714285
-0.05999999999999983
-0.05142857142857138
-0.04285714285714293
-0.03428571428571425
-0.0257142857142858
-0.017142857142857126
-0.008571428571428452
0.0
0.0
0.02142857142857143
0.04285714285714286
0.0642857142857143
0.08571428571428572
0.10714285714285714
0.1285714285714286
0.15
0.17142857142857143
0.19285714285714284
0.21428571428571427
0.2357142857142857
0.2571428571428572
0.2785714285714286
0.3
0.3214285714285714
0.34285714285714286
0.3642857142857143
0.3857142857142857
0.40714285714285714
0.42857142857142855
0.45
0.4714285714285714
0.4928571428571429
0.5142857142857143
0.5357142857142857
0.5571428571428572
0.5785714285714285
0.6
0.6214285714285714
0.6428571428571428
0.6642857142857144
0.6857142857142857
0.7071428571428571
0.7285714285714286
0.75
0.7285714285714286
0.7071428571428572
0.6857142857142857
0.6642857142857143
0.6428571428571429
0.6214285714285713
0.6
0.5785714285714286
0.5571428571428572
0.5357142857142857
0.5142857142857142
0.4928571428571429
0.4714285714285713
0.44999999999999996
0.4285714285714286
0.40714285714285725
0.3857142857142857
0.3642857142857143
0.34285714285714297
0.3214285714285714
0.30000000000000004
0.2785714285714287
0.2571428571428571
0.23571428571428577
0.2142857142857144
0.19285714285714284
0.17142857142857126
0.1499999999999999
0.12857142857142856
0.1071428571428572
0.08571428571428585
0.0642857142857145
0.042857142857142705
0.021428571428571352
0.0
-0.021428571428571352
-0.042857142857142705
-0.06428571428571428
-0.08571428571428563
-0.1071428571428572
-0.12857142857142856
-0.15000000000000013
-0.17142857142857149
-0.19285714285714284
-0.2142857142857142
-0.23571428571428554
-0.25714285714285734
-0.2785714285714287
-0.30000000000000004
-0.3214285714285714
-0.34285714285714275
-0.3642857142857141
-0.3857142857142857
-0.40714285714285725
-0.4285714285714286
-0.44999999999999996
-0.47142857142857153
-0.4928571428571429
-0.5142857142857142
-0.5357142857142856
-0.5571428571428574
-0.5785714285714287
-0.6000000000000001
-0.6214285714285714
-0.6428571428571428
-0.6642857142857141
-0.6857142857142855
-0.7071428571428569
-0.7285714285714286
-0.75
-0.7285714285714286
-0.7071428571428573
-0.6857142857142859
-0.6642857142857146
-0.6428571428571428
-0.6214285714285714
-0.6000000000000001
-0.5785714285714287
-0.5571428571428574
-0.5357142857142856
-0.5142857142857142
-0.4928571428571429
-0.47142857142857153
-0.44999999999999973
-0.4285714285714288
-0.40714285714285703
-0.3857142857142857
-0.3642857142857143
-0.3428571428571425
-0.3214285714285716
-0.2999999999999998
-0.2785714285714289
-0.2571428571428571
-0.23571428571428532
-0.2142857142857144
-0.19285714285714262
-0.1714285714285717
-0.1499999999999999
-0.128571428571429
-0.1071428571428572
-0.08571428571428541
-0.0642857142857145
-0.042857142857142705
-0.021428571428571797
0.0
0.0
0.02142857142857143
0.04285714285714286
0.0642857142857143
0.08571428571428572
0.10714285714285714
0.1285714285714286
0.15
0.17142857142857143
0.19285714285714284
0.21428571428571427
0.2357142857142857
0.2571428571428572
0.2785714285714286
0.3
0.3214285714285714
0.34285714285714286
0.3642857142857143
0.3857142857142857
0.40714285714285714
0.42857142857142855
0.45
0.4714285714285714
0.4928571428571429
0.5142857142857143
0.5357142857142857
0.5571428571428572
0.5785714285714285
0.6
0.6214285714285714
0.6428571428571428
0.6642857142857144
0.6857142857142857
0.7071428571428571
0.7285714285714286
0.75
0.7285714285714286
0.7071428571428572
0.6857142857142857
0.6642857142857143
0.6428571428571429
0.6214285714285713
0.6
0.5785714285714286
0.5571428571428572
0.5357142857142857
0.5142857142857142
0.4928571428571429
0.4714285714285713
0.44999999999999996
0.4285714285714286
0.40714285714285725
0.3857142857142857
0.3642857142857143
0.34285714285714297
0.3214285714285714
0.30000000000000004
0.2785714285714287
0.2571428571428571
0.23571428571428577
0.2142857142857144
0.19285714285714284
0.17142857142857126
0.1499999999999999
0.12857142857142856
0.1071428571428572
0.08571428571428585
0.0642857142857145
0.042857142857142705
0.021428571428571352
0.0
-0.021428571428571352
-0.042857142857142705
-0.06428571428571428
-0.08571428571428563
-0.1071428571428572
-0.12857142857142856
-0.15000000000000013
-0.17142857142857149
-0.19285714285714284
-0.2142857142857142
-0.23571428571428554
-0.25714285714285734
-0.2785714285714287
-0.30000000000000004
-0.3214285714285714
-0.34285714285714275
-0.3642857142857141
-0.3857142857142857
-0.40714285714285725
-0.4285714285714286
-0.44999999999999996
-0.47142857142857153
-0.4928571428571429
-0.5142857142857142
-0.5357142857142856
-0.5571428571428574
-0.5785714285714287
-0.6000000000000001
-0.6214285714285714
-0.6428571428571428
-0.6642857142857141
-0.6857142857142855
-0.7071428571428569
-0.7285714285714286
-0.75
-0.7285714285714286
-0.7071428571428573
-0.6857142857142859
-0.6642857142857146
-0.6428571428571428
-0.6214285714285714
-0.6000000000000001
-0.5785714285714287
-0.5571428571428574
-0.5357142857142856
-0.5142857142857142
-0.4928571428571429
-0.47142857142857153
-0.44999999999999973
-0.4285714285714288
-0.40714285714285703
-0.3857142857142857
-0.3642857142857143
-0.3428571428571425
-0.3214285714285716
-0.2999999999999998
-0.2785714285714289
-0.2571428571428571
-0.23571428571428532
-0.2142857142857144
-0.19285714285714262
-0.1714285714285717
-0.1499999999999999
-0.128571428571429
-0.1071428571428572
-0.08571428571428541
-0.0642857142857145
-0.042857142857142705
-0.021428571428571797
0.0
0.0
0.02142857142857143
0.04285714285714286
0.0642857142857143
0.08571428571428572
0.10714285714285714
0.1285714285714286
0.15
0.17142857142857143
0.19285714285714284
0.21428571428571427
0.2357142857142857
0.2571428571428572
0.2785714285714286
0.3
0.3214285714285714
0.34285714285714286
0.3642857142857143
0.3857142857142857
0.40714285714285714
0.42857142857142855
0.45
0.4714285714285714
0.4928571428571429
0.5142857142857143
0.5357142857142857
0.5571428571428572
0.5785714285714285
0.6
0.6214285714285714
0.6428571428571428
0.6642857142857144
0.6857142857142857
0.7071428571428571
0.7285714285714286
0.75
0.7285714285714286
0.7071428571428572
0.6857142857142857
0.6642857142857143
0.6428571428571429
0.6214285714285713
0.6
0.5785714285714286
0.5571428571428572
0.5357142857142857
0.5142857142857142
0.4928571428571429
0.4714285714285713
0.44999999999999996
0.4285714285714286
0.40714285714285725
0.3857142857142857
0.3642857142857143
0.34285714285714297
0.3214285714285714
0.30000000000000004
0.2785714285714287
0.2571428571428571
0.23571428571428577
0.2142857142857144
0.19285714285714284
0.17142857142857126
0.1499999999999999
0.12857142857142856
0.1071428571428572
0.08571428571428585
0.0642857142857145
0.042857142857142705
0.021428571428571352
0.0
-0.021428571428571352
-0.042857142857142705
-0.06428571428571428
-0.08571428571428563
-0.1071428571428572
-0.12857142857142856
-0.15000000000000013
-0.17142857142857149
-0.19285714285714284
-0.2142857142857142
-0.23571428571428554
-0.25714285714285734
-0.2785714285714287
-0.30000000000000004
-0.3214285714285714
-0.34285714285714275
-0.3642857142857141
-0.3857142857142857
-0.40714285714285725
-0.4285714285714286
-0.44999999999999996
-0.47142857142857153
-0.4928571428571429
-0.5142857142857142
-0.5357142857142856
-0.5571428571428574
-0.5785714285714287
-0.6000000000000001
-0.6214285714285714
-0.6428571428571428
-0.6642857142857141
-0.6857142857142855
-0.7071428571428569
-0.7285714285714286
-0.75
-0.7285714285714286
-0.7071428571428573
-0.6857142857142859
-0.6642857142857146
-0.6428571428571428
-0.6214285714285714
-0.6000000000000001
-0.5785714285714287
-0.5571428571428574
-0.5357142857142856
-0.5142857142857142
-0.4928571428571429
-0.47142857142857153
-0.44999999999999973
-0.4285714285714288
-0.40714285714285703
-0.3857142857142857
-0.3642857142857143
-0.3428571428571425
-0.3214285714285716
-0.2999999999999998
-0.2785714285714289
-0.2571428571428571
-0.23571428571428532
-0.2142857142857144
-0.19285714285714262
-0.1714285714285717
-0.1499999999999999
-0.128571428571429
-0.1071428571428572
-0.08571428571428541
-0.0642857142857145
-0.042857142857142705
-0.021428571428571797
0.0
0.0
0.028571428571428574
0.05714285714285715
0.08571428571428572
0.1142857142857143
0.14285714285714288
0.17142857142857143
0.2
0.2285714285714286
0.2571428571428572
0.28571428571428575
0.31428571428571433
0.34285714285714286
0.37142857142857144
0.4
0.4285714285714286
0.4571428571428572
0.4857142857142857
0.5142857142857143
0.5428571428571428
0.5714285714285715
0.6
0.6285714285714287
0.6571428571428573
0.6857142857142857
0.7142857142857143
0.7428571428571429
0.7714285714285714
0.8
0.8285714285714286
0.8571428571428572
0.8857142857142857
0.9142857142857144
0.942857142857143
0.9714285714285714
1.0
0.9714285714285713
0.9428571428571428
0.9142857142857144
0.8857142857142857
0.857142857142857
0.8285714285714285
0.8
0.7714285714285714
0.7428571428571427
0.7142857142857142
0.6857142857142855
0.6571428571428573
0.6285714285714286
0.5999999999999999
0.5714285714285714
0.5428571428571427
0.5142857142857142
0.48571428571428554
0.4571428571428573
0.4285714285714286
0.3999999999999999
0.37142857142857144
0.34285714285714275
0.31428571428571406
0.2857142857142856
0.2571428571428571
0.22857142857142865
0.19999999999999996
0.17142857142857126
0.1428571428571428
0.1142857142857141
0.08571428571428541
0.05714285714285716
0.02857142857142847
0.0
-0.02857142857142847
-0.057142857142857384
-0.08571428571428585
-0.11428571428571432
-0.1428571428571428
-0.17142857142857126
-0.20000000000000018
-0.22857142857142865
-0.2571428571428571
-0.28571428571428603
-0.3142857142857145
-0.34285714285714297
-0.37142857142857144
-0.3999999999999999
-0.4285714285714288
-0.4571428571428573
-0.48571428571428577
-0.5142857142857147
-0.5428571428571427
-0.5714285714285716
-0.6000000000000001
-0.628571428571429
-0.6571428571428575
-0.6857142857142855
-0.7142857142857144
-0.7428571428571429
-0.7714285714285718
-0.8000000000000003
-0.8285714285714287
-0.8571428571428572
-0.8857142857142857
-0.9142857142857146
-0.9428571428571426
-0.9714285714285715
-1.0
-0.9714285714285711
-0.9428571428571426
-0.9142857142857146
-0.8857142857142857
-0.8571428571428572
-0.8285714285714283
-0.7999999999999998
-0.7714285714285709
-0.7428571428571429
-0.7142857142857144
-0.6857142857142855
-0.657142857142857
-0.6285714285714281
-0.6000000000000001
-0.5714285714285712
-0.5428571428571427
-0.5142857142857142
-0.4857142857142853
-0.4571428571428573
-0.4285714285714284
-0.3999999999999999
-0.371428571428571
-0.3428571428571425
-0.3142857142857145
-0.2857142857142856
-0.2571428571428571
-0.2285714285714282
-0.19999999999999973
-0.17142857142857082
-0.1428571428571428
-0.11428571428571432
-0.08571428571428541
-0.05714285714285694
-0.028571428571428026
0.0
0.0
0.028571428571428574
0.05714285714285715
0.08571428571428572
0.1142857142857143
0.14285714285714288
0.17142857142857143
0.2
0.2285714285714286
0.2571428571428572
0.28571428571428575
0.31428571428571433
0.34285714285714286
0.37142857142857144
0.4
0.4285714285714286
0.4571428571428572
0.4857142857142857
0.5142857142857143
0.5428571428571428
0.5714285714285715
0.6
0.6285714285714287
0.6571428571428573
0.6857142857142857
0.7142857142857143
0.7428571428571429
0.7714285714285714
0.8
0.8285714285714286
0.8571428571428572
0.8857142857142857
0.9142857142857144
0.942857142857143
0.9714285714285714
1.0
0.9714285714285713
0.9428571428571428
0.9142857142857144
0.8857142857142857
0.857142857142857
0.8285714285714285
0.8
0.7714285714285714
0.7428571428571427
0.7142857142857142
0.6857142857142855
0.6571428571428573
0.6285714285714286
0.5999999999999999
0.5714285714285714
0.5428571428571427
0.5142857142857142
0.48571428571428554
0.4571428571428573
0.4285714285714286
0.3999999999999999
0.37142857142857144
0.34285714285714275
0.31428571428571406
0.2857142857142856
0.2571428571428571
0.22857142857142865
0.19999999999999996
0.17142857142857126
0.1428571428571428
0.1142857142857141
0.08571428571428541
0.05714285714285716
0.02857142857142847
0.0
-0.02857142857142847
-0.057142857142857384
-0.08571428571428585
-0.11428571428571432
-0.1428571428571428
-0.17142857142857126
-0.20000000000000018
-0.22857142857142865
-0.2571428571428571
-0.28571428571428603
-0.3142857142857145
-0.34285714285714297
-0.37142857142857144
-0.3999999999999999
-0.4285714285714288
-0.4571428571428573
-0.48571428571428577
-0.5142857142857147
-0.5428571428571427
-0.5714285714285716
-0.6000000000000001
-0.628571428571429
-0.6571428571428575
-0.6857142857142855
-0.7142857142857144
-0.7428571428571429
-0.7714285714285718
-0.8000000000000003
-0.8285714285714287
-0.8571428571428572
-0.8857142857142857
-0.9142857142857146
-0.9428571428571426
-0.9714285714285715
-1.0
-0.9714285714285711
-0.9428571428571426
-0.9142857142857146
-0.8857142857142857
-0.8571428571428572
-0.8285714285714283
-0.7999999999999998
-0.7714285714285709
-0.7428571428571429
-0.7142857142857144
-0.6857142857142855
-0.657142857142857
-0.6285714285714281
-0.6000000000000001
-0.5714285714285712
-0.5428571428571427
-0.5142857142857142
-0.4857142857142853
-0.4571428571428573
-0.4285714285714284
-0.3999999999999999
-0.371428571428571
-0.3428571428571425
-0.3142857142857145
-0.2857142857142856
-0.2571428571428571
-0.2285714285714282
-0.19999999999999973
-0.17142857142857082
-0.1428571428571428
-0.11428571428571432
-0.08571428571428541
-0.05714285714285694
-0.028571428571428026
0.0
0.0
0.028571428571428574
0.05714285714285715
0.08571428571428572
0.1142857142857143
0.14285714285714288
0.17142857142857143
0.2
0.2285714285714286
0.2571428571428572
0.28571428571428575
0.31428571428571433
0.34285714285714286
0.37142857142857144
0.4
0.4285714285714286
0.4571428571428572
0.4857142857142857
0.5142857142857143
0.5428571428571428
0.5714285714285715
0.6
0.6285714285714287
0.6571428571428573
0.6857142857142857
0.7142857142857143
0.7428571428571429
0.7714285714285714
0.8
0.8285714285714286
0.8571428571428572
0.8857142857142857
0.9142857142857144
0.942857142857143
0.9714285714285714
1.0
0.9714285714285713
0.9428571428571428
0.9142857142857144
0.8857142857142857
0.857142857142857
0.8285714285714285
0.8
0.7714285714285714
0.7428571428571427
0.7142857142857142
0.6857142857142855
0.6571428571428573
0.6285714285714286
0.5999999999999999
0.5714285714285714
0.5428571428571427
0.5142857142857142
0.48571428571428554
0.4571428571428573
0.4285714285714286
0.3999999999999999
0.37142857142857144
0.34285714285714275
0.31428571428571406
0.2857142857142856
0.2571428571428571
0.22857142857142865
0.19999999999999996
0.17142857142857126
0.1428571428571428
0.1142857142857141
0.08571428571428541
0.05714285714285716
0.02857142857142847
0.0
-0.02857142857142847
-0.057142857142857384
-0.08571428571428585
-0.11428571428571432
-0.1428571428571428
-0.17142857142857126
-0.20000000000000018
-0.22857142857142865
-0.2571428571428571
-0.28571428571428603
-0.3142857142857145
-0.34285714285714297
-0.37142857142857144
-0.3999999999999999
-0.4285714285714288
-0.4571428571428573
-0.48571428571428577
-0.5142857142857147
-0.5428571428571427
-0.5714285714285716
-0.6000000000000001
-0.628571428571429
-0.6571428571428575
-0.6857142857142855
-0.7142857142857144
-0.7428571428571429
-0.7714285714285718
-0.8000000000000003
-0.8285714285714287
-0.8571428571428572
-0.8857142857142857
-0.9142857142857146
-0.9428571428571426
-0.9714285714285715
-1.0
-0.9714285714285711
-0.9428571428571426
-0.9142857142857146
-0.8857142857142857
-0.8571428571428572
-0.8285714285714283
-0.7999999999999998
-0.7714285714285709
-0.7428571428571429
-0.7142857142857144
-0.6857142857142855
-0.657142857142857
-0.6285714285714281
-0.6000000000000001
-0.5714285714285712
-0.5428571428571427
-0.5142857142857142
-0.4857142857142853
-0.4571428571428573
-0.4285714285714284
-0.3999999999999999
-0.371428571428571
-0.3428571428571425
-0.3142857142857145
-0.2857142857142856
-0.2571428571428571
-0.2285714285714282
-0.19999999999999973
-0.17142857142857082
-0.1428571428571428
-0.11428571428571432
-0.08571428571428541
-0.05714285714285694
-0.028571428571428026
0.0
0.0
0.04285714285714286
0.08571428571428572
0.1285714285714286
0.17142857142857143
0.21428571428571427
0.2571428571428572
0.3
0.34285714285714286
0.3857142857142857
0.42857142857142855
0.4714285714285714
0.5142857142857143
0.5571428571428572
0.6
0.6428571428571428
0.6857142857142857
0.7285714285714286
0.7714285714285714
0.8142857142857143
0.8571428571428571
0.9
0.9428571428571428
0.9857142857142858
1.0285714285714287
1.0714285714285714
1.1142857142857143
1.157142857142857
1.2
1.2428571428571429
1.2857142857142856
1.3285714285714287
1.3714285714285714
1.4142857142857141
1.4571428571428573
1.5
1.4571428571428573
1.4142857142857144
1.3714285714285714
1.3285714285714285
1.2857142857142858
1.2428571428571427
1.2
1.1571428571428573
1.1142857142857143
1.0714285714285714
1.0285714285714285
0.9857142857142858
0.9428571428571426
0.8999999999999999
0.8571428571428572
0.8142857142857145
0.7714285714285714
0.7285714285714286
0.6857142857142859
0.6428571428571428
0.6000000000000001
0.5571428571428574
0.5142857142857142
0.47142857142857153
0.4285714285714288
0.3857142857142857
0.3428571428571425
0.2999999999999998
0.2571428571428571
0.2142857142857144
0.1714285714285717
0.128571428571429
0.08571428571428541
0.042857142857142705
0.0
-0.042857142857142705
-0.08571428571428541
-0.12857142857142856
-0.17142857142857126
-0.2142857142857144
-0.2571428571428571
-0.30000000000000027
-0.34285714285714297
-0.3857142857142857
-0.4285714285714284
-0.4714285714285711
-0.5142857142857147
-0.5571428571428574
-0.6000000000000001
-0.6428571428571428
-0.6857142857142855
-0.7285714285714282
-0.7714285714285714
-0.8142857142857145
-0.8571428571428572
-0.8999999999999999
-0.9428571428571431
-0.9857142857142858
-1.0285714285714285
-1.0714285714285712
-1.1142857142857148
-1.1571428571428575
-1.2000000000000002
-1.2428571428571429
-1.2857142857142856
-1.3285714285714283
-1.371428571428571
-1.4142857142857137
-1.4571428571428573
-1.5
-1.4571428571428573
-1.4142857142857146
-1.3714285714285719
-1.3285714285714292
-1.2857142857142856
-1.2428571428571429
-1.2000000000000002
-1.1571428571428575
-1.1142857142857148
-1.0714285714285712
-1.0285714285714285
-0.9857142857142858
-0.9428571428571431
-0.8999999999999995
-0.8571428571428577
-0.8142857142857141
-0.7714285714285714
-0.7285714285714286
-0.685714285714285
-0.6428571428571432
-0.5999999999999996
-0.5571428571428578
-0.5142857142857142
-0.47142857142857064
-0.4285714285714288
-0.38571428571428523
-0.3428571428571434
-0.2999999999999998
-0.257142857142858
-0.2142857142857144
-0.17142857142857082
-0.128571428571429
-0.08571428571428541
-0.04285714285714359
0.0
0.0
0.04285714285714286
0.08571428571428572
0.1285714285714286
0.17142857142857143
0.21428571428571427
0.2571428571428572
0.3
0.34285714285714286
0.3857142857142857
0.42857142857142855
0.4714285714285714
0.5142857142857143
0.5571428571428572
0.6
0.6428571428571428
0.6857142857142857
0.7285714285714286
0.7714285714285714
0.8142857142857143
0.8571428571428571
0.9
0.9428571428571428
0.9857142857142858
1.0285714285714287
1.0714285714285714
1.1142857142857143
1.157142857142857
1.2
1.2428571428571429
1.2857142857142856
1.3285714285714287
1.3714285714285714
1.4142857142857141
1.4571428571428573
1.5
1.4571428571428573
1.4142857142857144
1.3714285714285714
1.3285714285714285
1.2857142857142858
1.2428571428571427
1.2
1.1571428571428573
1.1142857142857143
1.0714285714285714
1.0285714285714285
0.9857142857142858
0.9428571428571426
0.8999999999999999
0.8571428571428572
0.8142857142857145
0.7714285714285714
0.7285714285714286
0.6857142857142859
0.6428571428571428
0.6000000000000001
0.5571428571428574
0.5142857142857142
0.47142857142857153
0.4285714285714288
0.3857142857142857
0.3428571428571425
0.2999999999999998
0.2571428571428571
0.2142857142857144
0.1714285714285717
0.128571428571429
0.08571428571428541
0.042857142857142705
0.0
-0.042857142857142705
-0.08571428571428541
-0.12857142857142856
-0.17142857142857126
-0.2142857142857144
-0.2571428571428571
-0.30000000000000027
-0.34285714285714297
-0.3857142857142857
-0.4285714285714284
-0.4714285714285711
-0.5142857142857147
-0.5571428571428574
-0.6000000000000001
-0.6428571428571428
-0.6857142857142855
-0.7285714285714282
-0.7714285714285714
-0.8142857142857145
-0.8571428571428572
-0.8999999999999999
-0.9428571428571431
-0.9857142857142858
-1.0285714285714285
-1.0714285714285712
-1.1142857142857148
-1.1571428571428575
-1.2000000000000002
-1.2428571428571429
-1.2857142857142856
-1.3285714285714283
-1.371428571428571
-1.4142857142857137
-1.4571428571428573
-1.5
-1.4571428571428573
-1.4142857142857146
-1.3714285714285719
-1.3285714285714292
-1.2857142857142856
-1.2428571428571429
-1.2000000000000002
-1.1571428571428575
-1.1142857142857148
-1.0714285714285712
-1.0285714285714285
-0.9857142857142858
-0.9428571428571431
-0.8999999999999995
-0.8571428571428577
-0.8142857142857141
-0.7714285714285714
-0.7285714285714286
-0.685714285714285
-0.6428571428571432
-0.5999999999999996
-0.5571428571428578
-0.5142857142857142
-0.47142857142857064
-0.4285714285714288
-0.38571428571428523
-0.3428571428571434
-0.2999999999999998
-0.257142857142858
-0.2142857142857144
-0.17142857142857082
-0.128571428571429
-0.08571428571428541
-0.04285714285714359
0.0
0.0
0.04285714285714286
0.08571428571428572
0.1285714285714286
0.17142857142857143
0.21428571428571427
0.2571428571428572
0.3
0.34285714285714286
0.3857142857142857
0.42857142857142855
0.4714285714285714
0.5142857142857143
0.5571428571428572
0.6
0.6428571428571428
0.6857142857142857
0.7285714285714286
0.7714285714285714
0.8142857142857143
0.8571428571428571
0.9
0.9428571428571428
0.9857142857142858
1.0285714285714287
1.0714285714285714
1.1142857142857143
1.157142857142857
1.2
1.2428571428571429
1.2857142857142856
1.3285714285714287
1.3714285714285714
1.4142857142857141
1.4571428571428573
1.5
1.4571428571428573
1.4142857142857144
1.3714285714285714
1.3285714285714285
1.2857142857142858
1.2428571428571427
1.2
1.1571428571428573
1.1142857142857143
1.0714285714285714
1.0285714285714285
0.9857142857142858
0.9428571428571426
0.8999999999999999
0.8571428571428572
0.8142857142857145
0.7714285714285714
0.7285714285714286
0.6857142857142859
0.6428571428571428
0.6000000000000001
0.5571428571428574
0.5142857142857142
0.47142857142857153
0.4285714285714288
0.3857142857142857
0.3428571428571425
0.2999999999999998
0.2571428571428571
0.2142857142857144
0.1714285714285717
0.128571428571429
0.08571428571428541
0.042857142857142705
0.0
-0.042857142857142705
-0.08571428571428541
-0.12857142857142856
-0.17142857142857126
-0.2142857142857144
-0.2571428571428571
-0.30000000000000027
-0.34285714285714297
-0.3857142857142857
-0.4285714285714284
-0.4714285714285711
-0.5142857142857147
-0.5571428571428574
-0.6000000000000001
-0.6428571428571428
-0.6857142857142855
-0.7285714285714282
-0.7714285714285714
-0.8142857142857145
-0.8571428571428572
-0.8999999999999999
-0.9428571428571431
-0.9857142857142858
-1.0285714285714285
-1.0714285714285712
-1.1142857142857148
-1.1571428571428575
-1.2000000000000002
-1.2428571428571429
-1.2857142857142856
-1.3285714285714283
-1.371428571428571
-1.4142857142857137
-1.4571428571428573
-1.5
-1.4571428571428573
-1.4142857142857146
-1.3714285714285719
-1.3285714285714292
-1.2857142857142856
-1.2428571428571429
-1.2000000000000002
-1.1571428571428575
-1.1142857142857148
-1.0714285714285712
-1.0285714285714285
-0.9857142857142858
-0.9428571428571431
-0.8999999999999995
-0.8571428571428577
-0.8142857142857141
-0.7714285714285714
-0.7285714285714286
-0.685714285714285
-0.6428571428571432
-0.5999999999999996
-0.5571428571428578
-0.5142857142857142
-0.47142857142857064
-0.4285714285714288
-0.38571428571428523
-0.3428571428571434
-0.2999999999999998
-0.257142857142858
-0.2142857142857144
-0.17142857142857082
-0.128571428571429
-0.08571428571428541
-0.04285714285714359
0.0
0.0
0.014285714285714287
0.028571428571428574
0.04285714285714286
0.05714285714285715
0.07142857142857144
0.08571428571428572
0.1
0.1142857142857143
0.1285714285714286
0.14285714285714288
0.15714285714285717
0.17142857142857143
0.18571428571428572
0.2
0.2142857142857143
0.2285714285714286
0.24285714285714285
0.2571428571428572
0.2714285714285714
0.28571428571428575
0.3
0.31428571428571433
0.3285714285714286
0.34285714285714286
0.35714285714285715
0.37142857142857144
0.3857142857142857
0.4
0.4142857142857143
0.4285714285714286
0.44285714285714284
0.4571428571428572
0.4714285714285715
0.4857142857142857
0.5
0.48571428571428565
0.4714285714285714
0.4571428571428572
0.44285714285714284
0.4285714285714285
0.41428571428571426
0.4
0.3857142857142857
0.37142857142857133
0.3571428571428571
0.34285714285714275
0.3285714285714286
0.3142857142857143
0.29999999999999993
0.2857142857142857
0.27142857142857135
0.2571428571428571
0.24285714285714277
0.22857142857142865
0.2142857142857143
0.19999999999999996
0.18571428571428572
0.17142857142857137
0.15714285714285703
0.1428571428571428
0.12857142857142856
0.11428571428571432
0.09999999999999998
0.08571428571428563
0.0714285714285714
0.05714285714285705
0.042857142857142705
0.02857142857142858
0.014285714285714235
0.0
-0.014285714285714235
-0.028571428571428692
-0.04285714285714293
-0.05714285714285716
-0.0714285714285714
-0.08571428571428563
-0.10000000000000009
-0.11428571428571432
-0.12857142857142856
-0.14285714285714302
-0.15714285714285725
-0.17142857142857149
-0.18571428571428572
-0.19999999999999996
-0.2142857142857144
-0.22857142857142865
-0.24285714285714288
-0.25714285714285734
-0.27142857142857135
-0.2857142857142858
-0.30000000000000004
-0.3142857142857145
-0.32857142857142874
-0.34285714285714275
-0.3571428571428572
-0.37142857142857144
-0.3857142857142859
-0.40000000000000013
-0.41428571428571437
-0.4285714285714286
-0.44285714285714284
-0.4571428571428573
-0.4714285714285713
-0.48571428571428577
-0.5
-0.48571428571428554
-0.4714285714285713
-0.4571428571428573
-0.44285714285714284
-0.4285714285714286
-0.41428571428571415
-0.3999999999999999
-0.38571428571428545
-0.37142857142857144
-0.3571428571428572
-0.34285714285714275
-0.3285714285714285
-0.31428571428571406
-0.30000000000000004
-0.2857142857142856
-0.27142857142857135
-0.2571428571428571
-0.24285714285714266
-0.22857142857142865
-0.2142857142857142
-0.19999999999999996
-0.1857142857142855
-0.17142857142857126
-0.15714285714285725
-0.1428571428571428
-0.12857142857142856
-0.1142857142857141
-0.09999999999999987
-0.08571428571428541
-0.0714285714285714
-0.05714285714285716
-0.042857142857142705
-0.02857142857142847
-0.014285714285714013
0.0
0.0
0.05714285714285715
0.1142857142857143
0.17142857142857143
0.2285714285714286
0.28571428571428575
0.34285714285714286
0.4
0.4571428571428572
0.5142857142857143
0.5714285714285715
0.6285714285714287
0.6857142857142857
0.7428571428571429
0.8
0.8571428571428572
0.9142857142857144
0.9714285714285714
1.0285714285714287
1.0857142857142856
1.142857142857143
1.2
1.2571428571428573
1.3142857142857145
1.3714285714285714
1.4285714285714286
1.4857142857142858
1.5428571428571427
1.6
1.6571428571428573
1.7142857142857144
1.7714285714285714
1.8285714285714287
1.885714285714286
1.9428571428571428
2.0
1.9428571428571426
1.8857142857142857
1.8285714285714287
1.7714285714285714
1.714285714285714
1.657142857142857
1.6
1.5428571428571427
1.4857142857142853
1.4285714285714284
1.371428571428571
1.3142857142857145
1.2571428571428571
1.1999999999999997
1.1428571428571428
1.0857142857142854
1.0285714285714285
0.9714285714285711
0.9142857142857146
0.8571428571428572
0.7999999999999998
0.7428571428571429
0.6857142857142855
0.6285714285714281
0.5714285714285712
0.5142857142857142
0.4571428571428573
0.3999999999999999
0.3428571428571425
0.2857142857142856
0.2285714285714282
0.17142857142857082
0.11428571428571432
0.05714285714285694
0.0
-0.05714285714285694
-0.11428571428571477
-0.1714285714285717
-0.22857142857142865
-0.2857142857142856
-0.3428571428571425
-0.40000000000000036
-0.4571428571428573
-0.5142857142857142
-0.5714285714285721
-0.628571428571429
-0.6857142857142859
-0.7428571428571429
-0.7999999999999998
-0.8571428571428577
-0.9142857142857146
-0.9714285714285715
-1.0285714285714294
-1.0857142857142854
-1.1428571428571432
-1.2000000000000002
-1.257142857142858
-1.314285714285715
-1.371428571428571
-1.4285714285714288
-1.4857142857142858
-1.5428571428571436
-1.6000000000000005
-1.6571428571428575
-1.7142857142857144
-1.7714285714285714
-1.8285714285714292
-1.8857142857142852
-1.942857142857143
-2.0
-1.9428571428571422
-1.8857142857142852
-1.8285714285714292
-1.7714285714285714
-1.7142857142857144
-1.6571428571428566
-1.5999999999999996
-1.5428571428571418
-1.4857142857142858
-1.4285714285714288
-1.371428571428571
-1.314285714285714
-1.2571428571428562
-1.2000000000000002
-1.1428571428571423
-1.0857142857142854
-1.0285714285714285
-0.9714285714285706
-0.9142857142857146
-0.8571428571428568
-0.7999999999999998
-0.742857142857142
-0.685714285714285
-0.628571428571429
-0.5714285714285712
-0.5142857142857142
-0.4571428571428564
-0.39999999999999947
-0.34285714285714164
-0.2857142857142856
-0.22857142857142865
-0.17142857142857082
-0.11428571428571388
-0.05714285714285605
0.0
0.0
0.05714285714285715
0.1142857142857143
0.17142857142857143
0.2285714285714286
0.28571428571428575
0.34285714285714286
0.4
0.4571428571428572
0.5142857142857143
0.5714285714285715
0.6285714285714287
0.6857142857142857
0.7428571428571429
0.8
0.8571428571428572
0.9142857142857144
0.9714285714285714
1.0285714285714287
1.0857142857142856
1.142857142857143
1.2
1.2571428571428573
1.3142857142857145
1.3714285714285714
1.4285714285714286
1.4857142857142858
1.5428571428571427
1.6
1.6571428571428573
1.7142857142857144
1.7714285714285714
1.8285714285714287
1.885714285714286
1.9428571428571428
2.0
1.9428571428571426
1.8857142857142857
1.8285714285714287
1.7714285714285714
1.714285714285714
1.657142857142857
1.6
1.5428571428571427
1.4857142857142853
1.4285714285714284
1.371428571428571
1.3142857142857145
1.2571428571428571
1.1999999999999997
1.1428571428571428
1.0857142857142854
1.0285714285714285
0.9714285714285711
0.9142857142857146
0.8571428571428572
0.7999999999999998
0.7428571428571429
0.6857142857142855
0.6285714285714281
0.5714285714285712
0.5142857142857142
0.4571428571428573
0.3999999999999999
0.3428571428571425
0.2857142857142856
0.2285714285714282
0.17142857142857082
0.11428571428571432
0.05714285714285694
0.0
-0.05714285714285694
-0.11428571428571477
-0.1714285714285717
-0.22857142857142865
-0.2857142857142856
-0.3428571428571425
-0.40000000000000036
-0.4571428571428573
-0.5142857142857142
-0.5714285714285721
-0.628571428571429
-0.6857142857142859
-0.7428571428571429
-0.7999999999999998
-0.8571428571428577
-0.9142857142857146
-0.9714285714285715
-1.0285714285714294
-1.0857142857142854
-1.1428571428571432
-1.2000000000000002
-1.257142857142858
-1.314285714285715
-1.371428571428571
-1.4285714285714288
-1.4857142857142858
-1.5428571428571436
-1.6000000000000005
-1.6571428571428575
-1.7142857142857144
-1.7714285714285714
-1.8285714285714292
-1.8857142857142852
-1.942857142857143
-2.0
-1.9428571428571422
-1.8857142857142852
-1.8285714285714292
-1.7714285714285714
-1.7142857142857144
-1.6571428571428566
-1.5999999999999996
-1.5428571428571418
-1.4857142857142858
-1.4285714285714288
-1.371428571428571
-1.314285714285714
-1.2571428571428562
-1.2000000000000002
-1.1428571428571423
-1.0857142857142854
-1.0285714285714285
-0.9714285714285706
-0.9142857142857146
-0.8571428571428568
-0.7999999999999998
-0.742857142857142
-0.685714285714285
-0.628571428571429
-0.5714285714285712
-0.5142857142857142
-0.4571428571428564
-0.39999999999999947
-0.34285714285714164
-0.2857142857142856
-0.22857142857142865
-0.17142857142857082
-0.11428571428571388
-0.05714285714285605
0.0
0.0
0.05714285714285715
0.1142857142857143
0.17142857142857143
0.2285714285714286
0.28571428571428575
0.34285714285714286
0.4
0.4571428571428572
0.5142857142857143
0.5714285714285715
0.6285714285714287
0.6857142857142857
0.7428571428571429
0.8
0.8571428571428572
0.9142857142857144
0.9714285714285714
1.0285714285714287
1.0857142857142856
1.142857142857143
1.2
1.2571428571428573
1.3142857142857145
1.3714285714285714
1.4285714285714286
1.4857142857142858
1.5428571428571427
1.6
1.6571428571428573
1.7142857142857144
1.7714285714285714
1.8285714285714287
1.885714285714286
1.9428571428571428
2.0
1.9428571428571426
1.8857142857142857
1.8285714285714287
1.7714285714285714
1.714285714285714
1.657142857142857
1.6
1.5428571428571427
1.4857142857142853
1.4285714285714284
1.371428571428571
1.3142857142857145
1.2571428571428571
1.1999999999999997
1.1428571428571428
1.0857142857142854
1.0285714285714285
0.9714285714285711
0.9142857142857146
0.8571428571428572
0.7999999999999998
0.7428571428571429
0.6857142857142855
0.6285714285714281
0.5714285714285712
0.5142857142857142
0.4571428571428573
0.3999999999999999
0.3428571428571425
0.2857142857142856
0.2285714285714282
0.17142857142857082
0.11428571428571432
0.05714285714285694
0.0
-0.05714285714285694
-0.11428571428571477
-0.1714285714285717
-0.22857142857142865
-0.2857142857142856
-0.3428571428571425
-0.40000000000000036
-0.4571428571428573
-0.5142857142857142
-0.5714285714285721
-0.628571428571429
-0.6857142857142859
-0.7428571428571429
-0.7999999999999998
-0.8571428571428577
-0.9142857142857146
-0.9714285714285715
-1.0285714285714294
-1.0857142857142854
-1.1428571428571432
-1.2000000000000002
-1.257142857142858
-1.314285714285715
-1.371428571428571
-1.4285714285714288
-1.4857142857142858
-1.5428571428571436
-1.6000000000000005
-1.6571428571428575
-1.7142857142857144
-1.7714285714285714
-1.8285714285714292
-1.8857142857142852
-1.942857142857143
-2.0
-1.9428571428571422
-1.8857142857142852
-1.8285714285714292
-1.7714285714285714
-1.7142857142857144
-1.6571428571428566
-1.5999999999999996
-1.5428571428571418
-1.4857142857142858
-1.4285714285714288
-1.371428571428571
-1.314285714285714
-1.2571428571428562
-1.2000000000000002
-1.1428571428571423
-1.0857142857142854
-1.0285714285714285
-0.9714285714285706
-0.9142857142857146
-0.8571428571428568
-0.7999999999999998
-0.742857142857142
-0.685714285714285
-0.628571428571429
-0.5714285714285712
-0.5142857142857142
-0.4571428571428564
-0.39999999999999947
-0.34285714285714164
-0.2857142857142856
-0.22857142857142865
-0.17142857142857082
-0.11428571428571388
-0.05714285714285605
0.0
0.0
0.018571428571428572
0.037142857142857144
0.055714285714285716
0.07428571428571429
0.09285714285714286
0.11142857142857143
0.13
0.14857142857142858
0.16714285714285715
0.18571428571428572
0.20428571428571432
0.22285714285714286
0.24142857142857144
0.26
0.2785714285714286
0.29714285714285715
0.3157142857142857
0.3342857142857143
0.35285714285714287
0.37142857142857144
0.39
0.40857142857142864
0.42714285714285716
0.44571428571428573
0.4642857142857143
0.4828571428571429
0.5014285714285714
0.52
0.5385714285714286
0.5571428571428572
0.5757142857142857
0.5942857142857143
0.6128571428571429
0.6314285714285715
0.65
0.6314285714285715
0.6128571428571428
0.5942857142857143
0.5757142857142857
0.5571428571428572
0.5385714285714286
0.52
0.5014285714285714
0.48285714285714276
0.4642857142857143
0.44571428571428573
0.42714285714285716
0.4085714285714286
0.39
0.37142857142857144
0.35285714285714276
0.3342857142857143
0.3157142857142857
0.29714285714285715
0.27857142857142847
0.26
0.24142857142857133
0.22285714285714286
0.2042857142857144
0.18571428571428572
0.16714285714285704
0.14857142857142858
0.13000000000000012
0.11142857142857143
0.09285714285714275
0.07428571428571429
0.055714285714285605
0.037142857142857144
0.018571428571428683
0.0
-0.018571428571428683
-0.037142857142857144
-0.05571428571428583
-0.07428571428571451
-0.09285714285714275
-0.11142857142857143
-0.1299999999999999
-0.14857142857142858
-0.16714285714285726
-0.18571428571428572
-0.2042857142857144
-0.22285714285714286
-0.24142857142857133
-0.26
-0.2785714285714287
-0.29714285714285715
-0.31571428571428584
-0.3342857142857145
-0.35285714285714276
-0.37142857142857144
-0.3899999999999999
-0.4085714285714286
-0.42714285714285727
-0.44571428571428573
-0.4642857142857144
-0.4828571428571429
-0.5014285714285713
-0.52
-0.5385714285714287
-0.5571428571428572
-0.5757142857142858
-0.5942857142857145
-0.612857142857143
-0.6314285714285715
-0.6500000000000001
-0.6314285714285715
-0.6128571428571428
-0.5942857142857143
-0.5757142857142856
-0.5571428571428569
-0.5385714285714287
-0.52
-0.5014285714285713
-0.48285714285714265
-0.4642857142857144
-0.44571428571428573
-0.42714285714285705
-0.4085714285714288
-0.3900000000000001
-0.37142857142857144
-0.35285714285714276
-0.3342857142857141
-0.3157142857142854
-0.29714285714285715
-0.27857142857142847
-0.26000000000000023
-0.24142857142857155
-0.22285714285714286
-0.20428571428571418
-0.1857142857142855
-0.16714285714285682
-0.14857142857142858
-0.1299999999999999
-0.11142857142857121
-0.09285714285714297
-0.07428571428571429
-0.055714285714285605
-0.037142857142857366
-0.01857142857142824
0.0
0.0
0.08571428571428572
0.17142857142857143
0.2571428571428572
0.34285714285714286
0.42857142857142855
0.5142857142857143
0.6
0.6857142857142857
0.7714285714285714
0.8571428571428571
0.9428571428571428
1.0285714285714287
1.1142857142857143
1.2
1.2857142857142856
1.3714285714285714
1.4571428571428573
1.5428571428571427
1.6285714285714286
1.7142857142857142
1.8
1.8857142857142857
1.9714285714285715
2.0571428571428574
2.142857142857143
2.2285714285714286
2.314285714285714
2.4
2.4857142857142858
2.571428571428571
2.6571428571428575
2.742857142857143
2.8285714285714283
2.9142857142857146
3.0
2.9142857142857146
2.8285714285714287
2.742857142857143
2.657142857142857
2.5714285714285716
2.4857142857142853
2.4
2.3142857142857145
2.2285714285714286
2.142857142857143
2.057142857142857
1.9714285714285715
1.8857142857142852
1.7999999999999998
1.7142857142857144
1.628571428571429
1.5428571428571427
1.4571428571428573
1.3714285714285719
1.2857142857142856
1.2000000000000002
1.1142857142857148
1.0285714285714285
0.9428571428571431
0.8571428571428577
0.7714285714285714
0.685714285714285
0.5999999999999996
0.5142857142857142
0.4285714285714288
0.3428571428571434
0.257142857142858
0.17142857142857082
0.08571428571428541
0.0
-0.08571428571428541
-0.17142857142857082
-0.2571428571428571
-0.3428571428571425
-0.4285714285714288
-0.5142857142857142
-0.6000000000000005
-0.6857142857142859
-0.7714285714285714
-0.8571428571428568
-0.9428571428571422
-1.0285714285714294
-1.1142857142857148
-1.2000000000000002
-1.2857142857142856
-1.371428571428571
-1.4571428571428564
-1.5428571428571427
-1.628571428571429
-1.7142857142857144
-1.7999999999999998
-1.8857142857142861
-1.9714285714285715
-2.057142857142857
-2.1428571428571423
-2.2285714285714295
-2.314285714285715
-2.4000000000000004
-2.4857142857142858
-2.571428571428571
-2.6571428571428566
-2.742857142857142
-2.8285714285714274
-2.9142857142857146
-3.0
-2.9142857142857146
-2.828571428571429
-2.7428571428571438
-2.6571428571428584
-2.571428571428571
-2.4857142857142858
-2.4000000000000004
-2.314285714285715
-2.2285714285714295
-2.1428571428571423
-2.057142857142857
-1.9714285714285715
-1.8857142857142861
-1.799999999999999
-1.7142857142857153
-1.6285714285714281
-1.5428571428571427
-1.4571428571428573
-1.37142857142857
-1.2857142857142865
-1.1999999999999993
-1.1142857142857157
-1.0285714285714285
-0.9428571428571413
-0.8571428571428577
-0.7714285714285705
-0.6857142857142868
-0.5999999999999996
-0.514285714285716
-0.4285714285714288
-0.34285714285714164
-0.257142857142858
-0.17142857142857082
-0.08571428571428719
0.0
0.0
0.08571428571428572
0.17142857142857143
0.2571428571428572
0.34285714285714286
0.42857142857142855
0.5142857142857143
0.6
0.6857142857142857
0.7714285714285714
0.8571428571428571
0.9428571428571428
1.0285714285714287
1.1142857142857143
1.2
1.2857142857142856
1.3714285714285714
1.4571428571428573
1.5428571428571427
1.6285714285714286
1.7142857142857142
1.8
1.8857142857142857
1.9714285714285715
2.0571428571428574
2.142857142857143
2.2285714285714286
2.314285714285714
2.4
2.4857142857142858
2.571428571428571
2.6571428571428575
2.742857142857143
2.8285714285714283
2.9142857142857146
3.0
2.9142857142857146
2.8285714285714287
2.742857142857143
2.657142857142857
2.5714285714285716
2.4857142857142853
2.4
2.3142857142857145
2.2285714285714286
2.142857142857143
2.057142857142857
1.9714285714285715
1.8857142857142852
1.7999999999999998
1.7142857142857144
1.628571428571429
1.5428571428571427
1.4571428571428573
1.3714285714285719
1.2857142857142856
1.2000000000000002
1.1142857142857148
1.0285714285714285
0.9428571428571431
0.8571428571428577
0.7714285714285714
0.685714285714285
0.5999999999999996
0.5142857142857142
0.4285714285714288
0.3428571428571434
0.257142857142858
0.17142857142857082
0.08571428571428541
0.0
-0.08571428571428541
-0.17142857142857082
-0.2571428571428571
-0.3428571428571425
-0.4285714285714288
-0.5142857142857142
-0.6000000000000005
-0.6857142857142859
-0.7714285714285714
-0.8571428571428568
-0.9428571428571422
-1.0285714285714294
-1.1142857142857148
-1.2000000000000002
-1.2857142857142856
-1.371428571428571
-1.4571428571428564
-1.5428571428571427
-1.628571428571429
-1.7142857142857144
-1.7999999999999998
-1.8857142857142861
-1.9714285714285715
-2.057142857142857
-2.1428571428571423
-2.2285714285714295
-2.314285714285715
-2.4000000000000004
-2.4857142857142858
-2.571428571428571
-2.6571428571428566
-2.742857142857142
-2.8285714285714274
-2.9142857142857146
-3.0
-2.9142857142857146
-2.828571428571429
-2.7428571428571438
-2.6571428571428584
-2.571428571428571
-2.4857142857142858
-2.4000000000000004
-2.314285714285715
-2.2285714285714295
-2.1428571428571423
-2.057142857142857
-1.9714285714285715
-1.8857142857142861
-1.799999999999999
-1.7142857142857153
-1.6285714285714281
-1.5428571428571427
-1.4571428571428573
-1.37142857142857
-1.2857142857142865
-1.1999999999999993
-1.1142857142857157
-1.0285714285714285
-0.9428571428571413
-0.8571428571428577
-0.7714285714285705
-0.6857142857142868
-0.5999999999999996
-0.514285714285716
-0.4285714285714288
-0.34285714285714164
-0.257142857142858
-0.17142857142857082
-0.08571428571428719
0.0
0.0
0.08571428571428572
0.17142857142857143
0.2571428571428572
0.34285714285714286
0.42857142857142855
0.5142857142857143
0.6
0.6857142857142857
0.7714285714285714
0.8571428571428571
0.9428571428571428
1.0285714285714287
1.1142857142857143
1.2
1.2857142857142856
1.3714285714285714
1.4571428571428573
1.5428571428571427
1.6285714285714286
1.7142857142857142
1.8
1.8857142857142857
1.9714285714285715
2.0571428571428574
2.142857142857143
2.2285714285714286
2.314285714285714
2.4
2.4857142857142858
2.571428571428571
2.6571428571428575
2.742857142857143
2.8285714285714283
2.9142857142857146
3.0
2.9142857142857146
2.8285714285714287
2.742857142857143
2.657142857142857
2.5714285714285716
2.4857142857142853
2.4
2.3142857142857145
2.2285714285714286
2.142857142857143
2.057142857142857
1.9714285714285715
1.8857142857142852
1.7999999999999998
1.7142857142857144
1.628571428571429
1.5428571428571427
1.4571428571428573
1.3714285714285719
1.2857142857142856
1.2000000000000002
1.1142857142857148
1.0285714285714285
0.9428571428571431
0.8571428571428577
0.7714285714285714
0.685714285714285
0.5999999999999996
0.5142857142857142
0.4285714285714288
0.3428571428571434
0.257142857142858
0.17142857142857082
0.08571428571428541
0.0
-0.08571428571428541
-0.17142857142857082
-0.2571428571428571
-0.3428571428571425
-0.4285714285714288
-0.5142857142857142
-0.6000000000000005
-0.6857142857142859
-0.7714285714285714
-0.8571428571428568
-0.9428571428571422
-1.0285714285714294
-1.1142857142857148
-1.2000000000000002
-1.2857142857142856
-1.371428571428571
-1.4571428571428564
-1.5428571428571427
-1.628571428571429
-1.7142857142857144
-1.7999999999999998
-1.8857142857142861
-1.9714285714285715
-2.057142857142857
-2.1428571428571423
-2.2285714285714295
-2.314285714285715
-2.4000000000000004
-2.4857142857142858
-2.571428571428571
-2.6571428571428566
-2.742857142857142
-2.8285714285714274
-2.9142857142857146
-3.0
-2.9142857142857146
-2.828571428571429
-2.7428571428571438
-2.6571428571428584
-2.571428571428571
-2.4857142857142858
-2.4000000000000004
-2.314285714285715
-2.2285714285714295
-2.1428571428571423
-2.057142857142857
-1.9714285714285715
-1.8857142857142861
-1.799999999999999
-1.7142857142857153
-1.6285714285714281
-1.5428571428571427
-1.4571428571428573
-1.37142857142857
-1.2857142857142865
-1.1999999999999993
-1.1142857142857157
-1.0285714285714285
-0.9428571428571413
-0.8571428571428577
-0.7714285714285705
-0.6857142857142868
-0.5999999999999996
-0.514285714285716
-0.4285714285714288
-0.34285714285714164
-0.257142857142858
-0.17142857142857082
-0.08571428571428719
0.0
0.0
0.028571428571428574
0.05714285714285715
0.08571428571428572
0.1142857142857143
0.14285714285714288
0.17142857142857143
0.2
0.2285714285714286
0.2571428571428572
0.28571428571428575
0.31428571428571433
0.34285714285714286
0.37142857142857144
0.4
0.4285714285714286
0.4571428571428572
0.4857142857142857
0.5142857142857143
0.5428571428571428
0.5714285714285715
0.6
0.6285714285714287
0.6571428571428573
0.6857142857142857
0.7142857142857143
0.7428571428571429
0.7714285714285714
0.8
0.8285714285714286
0.8571428571428572
0.8857142857142857
0.9142857142857144
0.942857142857143
0.9714285714285714
1.0
0.9714285714285713
0.9428571428571428
0.9142857142857144
0.8857142857142857
0.857142857142857
0.8285714285714285
0.8
0.7714285714285714
0.7428571428571427
0.7142857142857142
0.6857142857142855
0.6571428571428573
0.6285714285714286
0.5999999999999999
0.5714285714285714
0.5428571428571427
0.5142857142857142
0.48571428571428554
0.4571428571428573
0.4285714285714286
0.3999999999999999
0.37142857142857144
0.34285714285714275
0.31428571428571406
0.2857142857142856
0.2571428571428571
0.22857142857142865
0.19999999999999996
0.17142857142857126
0.1428571428571428
0.1142857142857141
0.08571428571428541
0.05714285714285716
0.02857142857142847
0.0
-0.02857142857142847
-0.057142857142857384
-0.08571428571428585
-0.11428571428571432
-0.1428571428571428
-0.17142857142857126
-0.20000000000000018
-0.22857142857142865
-0.2571428571428571
-0.28571428571428603
-0.3142857142857145
-0.34285714285714297
-0.37142857142857144
-0.3999999999999999
-0.4285714285714288
-0.4571428571428573
-0.48571428571428577
-0.5142857142857147
-0.5428571428571427
-0.5714285714285716
-0.6000000000000001
-0.628571428571429
-0.6571428571428575
-0.6857142857142855
-0.7142857142857144
-0.7428571428571429
-0.7714285714285718
-0.8000000000000003
-0.8285714285714287
-0.8571428571428572
-0.8857142857142857
-0.9142857142857146
-0.9428571428571426
-0.9714285714285715
-1.0
-0.9714285714285711
-0.9428571428571426
-0.9142857142857146
-0.8857142857142857
-0.8571428571428572
-0.8285714285714283
-0.7999999999999998
-0.7714285714285709
-0.7428571428571429
-0.7142857142857144
-0.6857142857142855
-0.657142857142857
-0.6285714285714281
-0.6000000000000001
-0.5714285714285712
-0.5428571428571427
-0.5142857142857142
-0.4857142857142853
-0.4571428571428573
-0.4285714285714284
-0.3999999999999999
-0.371428571428571
-0.3428571428571425
-0.3142857142857145
-0.2857142857142856
-0.2571428571428571
-0.2285714285714282
-0.19999999999999973
-0.17142857142857082
-0.1428571428571428
-0.11428571428571432
-0.08571428571428541
-0.05714285714285694
-0.028571428571428026
0.0
0.0
0.14285714285714285
0.2857142857142857
0.42857142857142855
0.5714285714285714
0.7142857142857142
0.8571428571428571
0.9999999999999999
1.1428571428571428
1.2857142857142856
1.4285714285714284
1.5714285714285712
1.7142857142857142
1.857142857142857
1.9999999999999998
2.142857142857143
2.2857142857142856
2.4285714285714284
2.571428571428571
2.714285714285714
2.8571428571428568
2.9999999999999996
3.1428571428571423
3.2857142857142856
3.4285714285714284
3.571428571428571
3.714285714285714
3.8571428571428568
3.9999999999999996
4.142857142857142
4.285714285714286
4.428571428571428
4.571428571428571
4.7142857142857135
4.857142857142857
4.999999999999999
4.857142857142858
4.714285714285715
4.571428571428572
4.428571428571429
4.2857142857142865
4.142857142857143
4.000000000000001
3.8571428571428577
3.7142857142857153
3.571428571428572
3.428571428571429
3.2857142857142865
3.1428571428571432
3.000000000000001
2.8571428571428577
2.7142857142857153
2.571428571428572
2.428571428571429
2.2857142857142865
2.1428571428571432
2.000000000000001
1.8571428571428577
1.7142857142857153
1.571428571428573
1.4285714285714288
1.2857142857142865
1.1428571428571441
1.0000000000000018
0.8571428571428577
0.7142857142857153
0.571428571428573
0.4285714285714288
0.2857142857142865
0.14285714285714413
1.7763568394002505e-15
-0.14285714285714235
-0.2857142857142847
-0.42857142857142705
-0.5714285714285694
-0.7142857142857135
-0.8571428571428559
-0.9999999999999982
-1.1428571428571423
-1.2857142857142847
-1.428571428571427
-1.5714285714285694
-1.7142857142857135
-1.8571428571428559
-1.9999999999999982
-2.1428571428571423
-2.2857142857142847
-2.428571428571427
-2.5714285714285694
-2.7142857142857135
-2.857142857142856
-2.9999999999999982
-3.1428571428571423
-3.2857142857142847
-3.428571428571427
-3.5714285714285694
-3.7142857142857135
-3.857142857142856
-3.9999999999999982
-4.142857142857142
-4.285714285714285
-4.428571428571427
-4.571428571428569
-4.7142857142857135
-4.857142857142856
-5.000000000000002
-4.857142857142858
-4.714285714285715
-4.571428571428573
-4.428571428571429
-4.2857142857142865
-4.142857142857144
-4.000000000000002
-3.8571428571428577
-3.7142857142857153
-3.571428571428573
-3.4285714285714306
-3.2857142857142883
-3.142857142857146
-3.0000000000000036
-2.8571428571428577
-2.7142857142857153
-2.571428571428573
-2.4285714285714306
-2.2857142857142883
-2.142857142857146
-2.0000000000000036
-1.8571428571428577
-1.7142857142857153
-1.571428571428573
-1.4285714285714306
-1.2857142857142883
-1.142857142857146
-1.0000000000000036
-0.8571428571428577
-0.7142857142857153
-0.571428571428573
-0.4285714285714306
-0.28571428571428825
-0.1428571428571459
-3.552713678800501e-15
0.0
0.14285714285714285
0.2857142857142857
0.42857142857142855
0.5714285714285714
0.7142857142857142
0.8571428571428571
0.9999999999999999
1.1428571428571428
1.2857142857142856
1.4285714285714284
1.5714285714285712
1.7142857142857142
1.857142857142857
1.9999999999999998
2.142857142857143
2.2857142857142856
2.4285714285714284
2.571428571428571
2.714285714285714
2.8571428571428568
2.9999999999999996
3.1428571428571423
3.2857142857142856
3.4285714285714284
3.571428571428571
3.714285714285714
3.8571428571428568
3.9999999999999996
4.142857142857142
4.285714285714286
4.428571428571428
4.571428571428571
4.7142857142857135
4.857142857142857
4.999999999999999
4.857142857142858
4.714285714285715
4.571428571428572
4.428571428571429
4.2857142857142865
4.142857142857143
4.000000000000001
3.8571428571428577
3.7142857142857153
3.571428571428572
3.428571428571429
3.2857142857142865
3.1428571428571432
3.000000000000001
2.8571428571428577
2.7142857142857153
2.571428571428572
2.428571428571429
2.2857142857142865
2.1428571428571432
2.000000000000001
1.8571428571428577
1.7142857142857153
1.571428571428573
1.4285714285714288
1.2857142857142865
1.1428571428571441
1.0000000000000018
0.8571428571428577
0.7142857142857153
0.571428571428573
0.4285714285714288
0.2857142857142865
0.14285714285714413
1.7763568394002505e-15
-0.14285714285714235
-0.2857142857142847
-0.42857142857142705
-0.5714285714285694
-0.7142857142857135
-0.8571428571428559
-0.9999999999999982
-1.1428571428571423
-1.2857142857142847
-1.428571428571427
-1.5714285714285694
-1.7142857142857135
-1.8571428571428559
-1.9999999999999982
-2.1428571428571423
-2.2857142857142847
-2.428571428571427
-2.5714285714285694
-2.7142857142857135
-2.857142857142856
-2.9999999999999982
-3.1428571428571423
-3.2857142857142847
-3.428571428571427
-3.5714285714285694
-3.7142857142857135
-3.857142857142856
-3.9999999999999982
-4.142857142857142
-4.285714285714285
-4.428571428571427
-4.571428571428569
-4.7142857142857135
-4.857142857142856
-5.000000000000002
-4.857142857142858
-4.714285714285715
-4.571428571428573
-4.428571428571429
-4.2857142857142865
-4.142857142857144
-4.000000000000002
-3.8571428571428577
-3.7142857142857153
-3.571428571428573
-3.4285714285714306
-3.2857142857142883
-3.142857142857146
-3.0000000000000036
-2.8571428571428577
-2.7142857142857153
-2.571428571428573
-2.4285714285714306
-2.2857142857142883
-2.142857142857146
-2.0000000000000036
-1.8571428571428577
-1.7142857142857153
-1.571428571428573
-1.4285714285714306
-1.2857142857142883
-1.142857142857146
-1.0000000000000036
-0.8571428571428577
-0.7142857142857153
-0.571428571428573
-0.4285714285714306
-0.28571428571428825
-0.1428571428571459
-3.552713678800501e-15
0.0
0.14285714285714285
0.2857142857142857
0.42857142857142855
0.5714285714285714
0.7142857142857142
0.8571428571428571
0.9999999999999999
1.1428571428571428
1.2857142857142856
1.4285714285714284
1.5714285714285712
1.7142857142857142
1.857142857142857
1.9999999999999998
2.142857142857143
2.2857142857142856
2.4285714285714284
2.571428571428571
2.714285714285714
2.8571428571428568
2.9999999999999996
3.1428571428571423
3.2857142857142856
3.4285714285714284
3.571428571428571
3.714285714285714
3.8571428571428568
3.9999999999999996
4.142857142857142
4.285714285714286
4.428571428571428
4.571428571428571
4.7142857142857135
4.857142857142857
4.999999999999999
4.857142857142858
4.714285714285715
4.571428571428572
4.428571428571429
4.2857142857142865
4.142857142857143
4.000000000000001
3.8571428571428577
3.7142857142857153
3.571428571428572
3.428571428571429
3.2857142857142865
3.1428571428571432
3.000000000000001
2.8571428571428577
2.7142857142857153
2.571428571428572
2.428571428571429
2.2857142857142865
2.1428571428571432
2.000000000000001
1.8571428571428577
1.7142857142857153
1.571428571428573
1.4285714285714288
1.2857142857142865
1.1428571428571441
1.0000000000000018
0.8571428571428577
0.7142857142857153
0.571428571428573
0.4285714285714288
0.2857142857142865
0.14285714285714413
1.7763568394002505e-15
-0.14285714285714235
-0.2857142857142847
-0.42857142857142705
-0.5714285714285694
-0.7142857142857135
-0.8571428571428559
-0.9999999999999982
-1.1428571428571423
-1.2857142857142847
-1.428571428571427
-1.5714285714285694
-1.7142857142857135
-1.8571428571428559
-1.9999999999999982
-2.1428571428571423
-2.2857142857142847
-2.428571428571427
-2.5714285714285694
-2.7142857142857135
-2.857142857142856
-2.9999999999999982
-3.1428571428571423
-3.2857142857142847
-3.428571428571427
-3.5714285714285694
-3.7142857142857135
-3.857142857142856
-3.9999999999999982
-4.142857142857142
-4.285714285714285
-4.428571428571427
-4.571428571428569
-4.7142857142857135
-4.857142857142856
-5.000000000000002
-4.857142857142858
-4.714285714285715
-4.571428571428573
-4.428571428571429
-4.2857142857142865
-4.142857142857144
-4.000000000000002
-3.8571428571428577
-3.7142857142857153
-3.571428571428573
-3.4285714285714306
-3.2857142857142883
-3.142857142857146
-3.0000000000000036
-2.8571428571428577
-2.7142857142857153
-2.571428571428573
-2.4285714285714306
-2.2857142857142883
-2.142857142857146
-2.0000000000000036
-1.8571428571428577
-1.7142857142857153
-1.571428571428573
-1.4285714285714306
-1.2857142857142883
-1.142857142857146
-1.0000000000000036
-0.8571428571428577
-0.7142857142857153
-0.571428571428573
-0.4285714285714306
-0.28571428571428825
-0.1428571428571459
-3.552713678800501e-15
