501 501 502
502 502 503
503 503 504
504 504 505
505 505 506
506 506 507
507 507 508
508 508 509
509 509 510
510 510 511
511 511 512
512 512 513
513 513 514
514 514 515
515 515 516
516 516 517
517 517 518
518 518 519
519 519 520
520 520 521
521 521 522
522 522 523
523 523 524
524 524 525
525 525 526
526 526 527
527 527 528
528 528 529
529 529 530
530 530 531
531 531 532
532 532 533
533 533 534
534 534 535
535 535 536
536 536 537
537 537 538
538 538 539
539 539 540
540 540 541
541 541 542
542 542 543
543 543 544
544 544 545
545 545 546
546 546 547
547 547 548
548 548 549
549 549 550
550 550 551
551 551 552
552 552 553
553 553 554
554 554 555
555 555 556
556 556 557
557 557 558
558 558 559
559 559 560
560 560 561
561 561 562
562 562 563
563 563 564
564 564 565
565 565 566
566 566 567
567 567 568
568 568 569
569 569 570
570 570 571
571 571 572
572 572 573
573 573 574
574 574 575
575 575 576
576 576 577
577 577 578
578 578 579
579 579 580
580 580 581
