1 0 0 0 0 0 0
2 0 4.64026e-17 5.24875 0 0 0
3 0 4.64026e-17 10.4768 0 0 0
4 0 -4.64026e-17 15.6635 0 0 0
5 0 -1.57769e-15 20.7884 0 0 0
6 0 -5.56831e-16 23.4463 0 0 0
7 0 -1.20647e-15 24.7141 0 0 0
8 0 -7.42442e-16 25.5196 0 0 0
9 0 -1.8561e-16 26.1069 0 0 0
10 0 5.54694e-16 26.4291 0 0 0
11 0 7.35564e-16 26.6889 0 0 0
12 0 -3.29323e-15 26.9371 0 0 0
13 0 3.65389e-16 27.1727 0 0 0
14 0 -7.30947e-16 27.3948 0 0 0
15 0 -2.74163e-15 27.6026 0 0 0
16 0 3.65622e-16 27.7951 0 0 0
17 0 -1.82843e-15 27.9716 0 0 0
18 0 0 28.1315 0 0 0
19 0 -1.09738e-15 28.2741 0 0 0
20 0 -1.46336e-15 28.3989 0 0 0
21 0 -3.65876e-16 28.5053 0 0 0
22 0 -4.02497e-15 28.5929 0 0 0
23 0 -1.09779e-15 28.6614 0 0 0
24 0 -1.09784e-15 28.7106 0 0 0
25 0 -4.75744e-15 28.7401 0 0 0
26 0 -2.56172e-15 28.75 0 0 0
27 0 3.59933 27.2153 0 0 0
28 0 6.7566 25.3921 0 0 0
29 0 9.98636 23.3926 0 0 0
30 0 13.273 21.2103 0 0 0
31 0 16.0214 18.8303 0 0 0
32 0 18.7951 16.262 0 0 0
33 0 21.5921 13.5065 0 0 0
34 0 23.8958 10.6463 0 0 0
35 0 25.3612 7.98811 0 0 0
36 0 26.1532 5.68824 0 0 0
37 0 26.5925 3.62939 0 0 0
38 0 26.8651 1.61924 0 0 0
39 0 26.9245 -0.15188 0 0 0
40 0 26.897 -2.04562 0 0 0
41 0 26.6979 -3.62874 0 0 0
42 0 26.4204 -5.35944 0 0 0
43 0 26.0376 -7.07113 0 0 0
44 0 25.5468 -8.56837 0 0 0
45 0 24.9501 -10.1958 0 0 0
46 0 24.2447 -11.8493 0 0 0
47 0 23.4877 -13.2083 0 0 0
48 0 22.6009 -14.675 0 0 0
49 0 21.5808 -16.2085 0 0 0
50 0 20.592 -17.3832 0 0 0
51 0 19.4544 -18.639 0 0 0
52 0 18.1532 -19.9708 0 0 0
53 0 16.961 -20.9442 0 0 0
54 0 15.6202 -21.9478 0 0 0
55 0 14.1082 -22.9955 0 0 0
56 0 12.7221 -23.7636 0 0 0
57 0 11.2321 -24.4842 0 0 0
58 0 9.56926 -25.2169 0 0 0
59 0 8.02856 -25.737 0 0 0
60 0 6.44758 -26.155 0 0 0
61 0 4.69785 -26.5541 0 0 0
62 0 3.04701 -26.7941 0 0 0
63 0 1.43512 -26.9017 0 0 0
64 0 -0.336003 -26.9611 0 0 0
65 0 -2.04562 -26.897 0 0 0
66 0 -3.62874 -26.6979 0 0 0
67 0 -5.35944 -26.4204 0 0 0
68 0 -7.07113 -26.0376 0 0 0
69 0 -8.56837 -25.5468 0 0 0
70 0 -10.1958 -24.9501 0 0 0
71 0 -11.8493 -24.2447 0 0 0
72 0 -13.2083 -23.4877 0 0 0
73 0 -14.675 -22.6009 0 0 0
74 0 -16.2085 -21.5808 0 0 0
75 0 -17.3832 -20.592 0 0 0
76 0 -18.639 -19.4544 0 0 0
77 0 -19.9708 -18.1532 0 0 0
78 0 -20.9442 -16.961 0 0 0
79 0 -21.9478 -15.6202 0 0 0
80 0 -22.9955 -14.1082 0 0 0
81 0 -23.7636 -12.7221 0 0 0
82 0 -24.4842 -11.2321 0 0 0
83 0 -25.2169 -9.56926 0 0 0
84 0 -25.737 -8.02856 0 0 0
85 0 -26.155 -6.44758 0 0 0
86 0 -26.5541 -4.69785 0 0 0
87 0 -26.7941 -3.04701 0 0 0
88 0 -26.9017 -1.43512 0 0 0
89 0 -26.9611 0.336003 0 0 0
90 0 -26.897 2.04562 0 0 0
91 0 -26.6979 3.62874 0 0 0
92 0 -26.4204 5.35944 0 0 0
93 0 -26.0376 7.07113 0 0 0
94 0 -25.5468 8.56837 0 0 0
95 0 -24.9501 10.1958 0 0 0
96 0 -24.2447 11.8493 0 0 0
97 0 -23.4877 13.2083 0 0 0
98 0 -22.6009 14.675 0 0 0
99 0 -21.5808 16.2085 0 0 0
100 0 -20.592 17.3832 0 0 0
101 0 -19.4544 18.639 0 0 0
102 0 -18.1532 19.9708 0 0 0
103 0 -16.961 20.9442 0 0 0
104 0 -15.6202 21.9478 0 0 0
105 0 -14.1082 22.9955 0 0 0
106 0 -12.7221 23.7636 0 0 0
107 0 -11.2321 24.4842 0 0 0
108 0 -9.56926 25.2169 0 0 0
109 0 -8.02856 25.737 0 0 0
110 0 -6.44758 26.155 0 0 0
111 0 -4.69785 26.5541 0 0 0
112 0 -3.04701 26.7941 0 0 0
113 0 -1.43512 26.9017 0 0 0
114 0 0.336003 26.9611 0 0 0
115 0 2.04562 26.897 0 0 0
116 0 3.62874 26.6979 0 0 0
117 0 5.35944 26.4204 0 0 0
118 0 7.07113 26.0376 0 0 0
119 0 8.56837 25.5468 0 0 0
120 0 10.1958 24.9501 0 0 0
121 0 11.8493 24.2447 0 0 0
122 0 13.2083 23.4877 0 0 0
123 0 14.675 22.6009 0 0 0
124 0 16.2085 21.5808 0 0 0
125 0 17.3832 20.592 0 0 0
126 0 18.639 19.4544 0 0 0
127 0 19.9708 18.1532 0 0 0
128 0 20.9442 16.961 0 0 0
129 0 21.9478 15.6202 0 0 0
130 0 22.9955 14.1082 0 0 0
131 0 23.7636 12.7221 0 0 0
132 0 24.4842 11.2321 0 0 0
133 0 25.2169 9.56926 0 0 0
134 0 25.737 8.02856 0 0 0
135 0 26.155 6.44758 0 0 0
136 0 26.5541 4.69785 0 0 0
137 0 26.7941 3.04701 0 0 0
138 0 26.9017 1.43512 0 0 0
139 0 26.9611 -0.336003 0 0 0
140 0 26.897 -2.04562 0 0 0
141 0 26.6979 -3.62874 0 0 0
142 0 26.4204 -5.35944 0 0 0
143 0 26.0376 -7.07113 0 0 0
144 0 25.5468 -8.56837 0 0 0
145 0 24.9501 -10.1958 0 0 0
146 0 24.2447 -11.8493 0 0 0
147 0 23.4877 -13.2083 0 0 0
148 0 22.6009 -14.675 0 0 0
149 0 21.5808 -16.2085 0 0 0
150 0 20.592 -17.3832 0 0 0
151 0 19.4544 -18.639 0 0 0
152 0 18.1532 -19.9708 0 0 0
153 0 16.961 -20.9442 0 0 0
154 0 15.6202 -21.9478 0 0 0
155 0 14.1082 -22.9955 0 0 0
156 0 12.7221 -23.7636 0 0 0
157 0 11.2321 -24.4842 0 0 0
158 0 9.56926 -25.2169 0 0 0
159 0 8.02856 -25.737 0 0 0
160 0 6.44758 -26.155 0 0 0
161 0 4.69785 -26.5541 0 0 0
162 0 3.04701 -26.7941 0 0 0
163 0 1.43512 -26.9017 0 0 0
164 0 -0.336003 -26.9611 0 0 0
165 0 -2.04562 -26.897 0 0 0
166 0 -3.62874 -26.6979 0 0 0
167 0 -5.35944 -26.4204 0 0 0
168 0 -7.07113 -26.0376 0 0 0
169 0 -8.56837 -25.5468 0 0 0
170 0 -10.1958 -24.9501 0 0 0
171 0 -11.8493 -24.2447 0 0 0
172 0 -13.2083 -23.4877 0 0 0
173 0 -14.675 -22.6009 0 0 0
174 0 -16.2085 -21.5808 0 0 0
175 0 -17.3832 -20.592 0 0 0
176 0 -18.639 -19.4544 0 0 0
177 0 -19.9708 -18.1532 0 0 0
178 0 -20.9442 -16.961 0 0 0
179 0 -21.9478 -15.6202 0 0 0
180 0 -22.9955 -14.1082 0 0 0
181 0 -23.7636 -12.7221 0 0 0
182 0 -24.4842 -11.2321 0 0 0
183 0 -25.2169 -9.56926 0 0 0
184 0 -25.737 -8.02856 0 0 0
185 0 -26.155 -6.44758 0 0 0
186 0 -26.5541 -4.69785 0 0 0
187 0 -26.7941 -3.04701 0 0 0
188 0 -26.9017 -1.43512 0 0 0
189 0 -26.9611 0.336003 0 0 0
190 0 -26.897 2.04562 0 0 0
191 0 -26.6979 3.62874 0 0 0
192 0 -26.4204 5.35944 0 0 0
193 0 -26.0376 7.07113 0 0 0
194 0 -25.5468 8.56837 0 0 0
195 0 -24.9501 10.1958 0 0 0
196 0 -24.2447 11.8493 0 0 0
197 0 -23.4877 13.2083 0 0 0
198 0 -22.6009 14.675 0 0 0
199 0 -21.5808 16.2085 0 0 0
200 0 -20.592 17.3832 0 0 0
201 0 -19.4544 18.639 0 0 0
202 0 -18.1532 19.9708 0 0 0
203 0 -16.961 20.9442 0 0 0
204 0 -15.6202 21.9478 0 0 0
205 0 -14.1082 22.9955 0 0 0
206 0 -12.7221 23.7636 0 0 0
207 0 -11.2321 24.4842 0 0 0
208 0 -9.56926 25.2169 0 0 0
209 0 -8.02856 25.737 0 0 0
210 0 -6.44758 26.155 0 0 0
211 0 -4.69785 26.5541 0 0 0
212 0 -3.04701 26.7941 0 0 0
213 0 -1.43512 26.9017 0 0 0
214 0 0.336003 26.9611 0 0 0
215 0 2.04562 26.897 0 0 0
216 0 3.62874 26.6979 0 0 0
217 0 5.35944 26.4204 0 0 0
218 0 7.07113 26.0376 0 0 0
219 0 8.56837 25.5468 0 0 0
220 0 10.1958 24.9501 0 0 0
221 0 11.8493 24.2447 0 0 0
222 0 13.2083 23.4877 0 0 0
223 0 14.675 22.6009 0 0 0
224 0 16.2085 21.5808 0 0 0
225 0 17.3832 20.592 0 0 0
226 0 18.639 19.4544 0 0 0
227 0 18.6283 19.2952 0 0 0
228 0 18.5963 18.8182 0 0 0
229 0 18.543 18.0252 0 0 0
230 0 18.4687 16.9197 0 0 0
231 0 18.3738 15.5059 0 0 0
232 0 18.2585 13.7897 0 0 0
233 0 18.1233 11.778 0 0 0
234 0 17.8641 9.54888 0 0 0
235 0 17.5464 7.06829 0 0 0
236 0 17.1958 4.33013 0 0 0
237 0 16.8135 1.34547 0 0 0
238 0 16.4011 -1.8736 0 0 0
239 0 15.8536 -5.20724 0 0 0
240 0 15.1816 -8.63959 0 0 0
241 0 14.4634 -12.2199 0 0 0
242 0 13.5128 -15.7037 0 0 0
243 0 12.2812 -18.3927 0 0 0
244 0 11.1067 -19.757 0 0 0
245 0 10.1199 -20.7526 0 0 0
246 0 9.23584 -21.5823 0 0 0
247 0 8.55288 -22.2098 0 0 0
248 0 7.94015 -22.7662 0 0 0
249 0 7.32002 -23.3293 0 0 0
250 0 6.86567 -23.7828 0 0 0
251 0 6.52605 -24.1602 0 0 0
252 0 6.52605 -13.6627 0 0 0
253 0 6.52605 -3.20663 0 0 0
254 0 6.52605 7.16676 0 0 0
255 0 6.52605 17.4165 0 0 0
256 0 6.44547 22.4517 0 0 0
257 0 6.42525 24.8777 0 0 0
258 0 6.42898 26.4791 0 0 0
259 0 6.43246 27.6513 0 0 0
260 0 6.0535 28.3722 0 0 0
261 0 5.50178 29.0018 0 0 0
262 0 4.97413 29.6033 0 0 0
263 0 4.69948 30.1492 0 0 0
264 0 4.54374 30.6256 0 0 0
265 0 4.3971 31.0713 0 0 0
266 0 4.26038 31.4845 0 0 0
267 0 4.13433 31.8636 0 0 0
268 0 4.01963 32.207 0 0 0
269 0 3.91691 32.5134 0 0 0
270 0 3.82674 32.7814 0 0 0
271 0 3.74959 33.0101 0 0 0
272 0 3.6859 33.1984 0 0 0
273 0 3.636 33.3457 0 0 0
274 0 3.60017 33.4513 0 0 0
275 0 3.57859 33.5149 0 0 0
276 0 3.57138 33.5361 0 0 0
277 0 8.58666 30.1905 0 0 0
278 0 13.7802 26.4704 0 0 0
279 0 19.1316 22.3903 0 0 0
280 0 23.5377 18.1515 0 0 0
281 0 26.283 14.3759 0 0 0
282 0 27.6102 11.5499 0 0 0
283 0 28.5132 9.04903 0 0 0
284 0 29.0312 7.05317 0 0 0
285 0 29.4723 4.89527 0 0 0
286 0 29.7109 3.17035 0 0 0
287 0 29.8429 1.14838 0 0 0
288 0 29.8679 -0.742719 0 0 0
289 0 29.7858 -2.44672 0 0 0
290 0 29.5411 -4.42219 0 0 0
291 0 29.1958 -6.35493 0 0 0
292 0 28.8013 -7.98583 0 0 0
293 0 28.2024 -9.84668 0 0 0
294 0 27.4714 -11.7466 0 0 0
295 0 26.7892 -13.2489 0 0 0
296 0 25.8704 -14.9338 0 0 0
297 0 24.7539 -16.7221 0 0 0
298 0 23.8182 -18.0468 0 0 0
299 0 22.624 -19.5033 0 0 0
300 0 21.1468 -21.0916 0 0 0
301 0 19.9913 -22.2067 0 0 0
302 0 18.5741 -23.3926 0 0 0
303 0 16.853 -24.6532 0 0 0
304 0 15.4505 -25.5721 0 0 0
305 0 13.8688 -26.4568 0 0 0
306 0 11.9735 -27.3558 0 0 0
307 0 10.3579 -28.0231 0 0 0
308 0 8.67332 -28.5879 0 0 0
309 0 6.67747 -29.1059 0 0 0
310 0 4.89527 -29.4723 0 0 0
311 0 3.17035 -29.7109 0 0 0
312 0 1.14838 -29.8429 0 0 0
313 0 -0.742719 -29.8679 0 0 0
314 0 -2.44672 -29.7858 0 0 0
315 0 -4.42219 -29.5411 0 0 0
316 0 -6.35493 -29.1958 0 0 0
317 0 -7.98583 -28.8013 0 0 0
318 0 -9.84668 -28.2024 0 0 0
319 0 -11.7466 -27.4714 0 0 0
320 0 -13.2489 -26.7892 0 0 0
321 0 -14.9338 -25.8704 0 0 0
322 0 -16.7221 -24.7539 0 0 0
323 0 -18.0468 -23.8182 0 0 0
324 0 -19.5033 -22.624 0 0 0
325 0 -21.0916 -21.1468 0 0 0
326 0 -22.2067 -19.9913 0 0 0
327 0 -23.3926 -18.5741 0 0 0
328 0 -24.6532 -16.853 0 0 0
329 0 -25.5721 -15.4505 0 0 0
330 0 -26.4568 -13.8688 0 0 0
331 0 -27.3558 -11.9735 0 0 0
332 0 -28.0231 -10.3579 0 0 0
333 0 -28.5879 -8.67332 0 0 0
334 0 -29.1059 -6.67747 0 0 0
335 0 -29.4723 -4.89527 0 0 0
336 0 -29.7109 -3.17035 0 0 0
337 0 -29.8429 -1.14838 0 0 0
338 0 -29.8679 0.742719 0 0 0
339 0 -29.7858 2.44672 0 0 0
340 0 -29.5411 4.42219 0 0 0
341 0 -29.1958 6.35493 0 0 0
342 0 -28.8013 7.98583 0 0 0
343 0 -28.2024 9.84668 0 0 0
344 0 -27.4714 11.7466 0 0 0
345 0 -26.7892 13.2489 0 0 0
346 0 -25.8704 14.9338 0 0 0
347 0 -24.7539 16.7221 0 0 0
348 0 -23.8182 18.0468 0 0 0
349 0 -22.624 19.5033 0 0 0
350 0 -21.1468 21.0916 0 0 0
351 0 -19.9913 22.2067 0 0 0
352 0 -18.5741 23.3926 0 0 0
353 0 -16.853 24.6532 0 0 0
354 0 -15.4505 25.5721 0 0 0
355 0 -13.8688 26.4568 0 0 0
356 0 -11.9735 27.3558 0 0 0
357 0 -10.3579 28.0231 0 0 0
358 0 -8.67332 28.5879 0 0 0
359 0 -6.67747 29.1059 0 0 0
360 0 -4.89527 29.4723 0 0 0
361 0 -3.17035 29.7109 0 0 0
362 0 -1.14838 29.8429 0 0 0
363 0 0.742719 29.8679 0 0 0
364 0 2.44672 29.7858 0 0 0
365 0 4.42219 29.5411 0 0 0
366 0 6.35493 29.1958 0 0 0
367 0 7.98583 28.8013 0 0 0
368 0 9.84668 28.2024 0 0 0
369 0 11.7466 27.4714 0 0 0
370 0 13.2489 26.7892 0 0 0
371 0 14.9338 25.8704 0 0 0
372 0 16.7221 24.7539 0 0 0
373 0 18.0468 23.8182 0 0 0
374 0 19.5033 22.624 0 0 0
375 0 21.0916 21.1468 0 0 0
376 0 22.2067 19.9913 0 0 0
377 0 23.3926 18.5741 0 0 0
378 0 24.6532 16.853 0 0 0
379 0 25.5721 15.4505 0 0 0
380 0 26.4568 13.8688 0 0 0
381 0 27.3558 11.9735 0 0 0
382 0 28.0231 10.3579 0 0 0
383 0 28.5879 8.67332 0 0 0
384 0 29.1059 6.67747 0 0 0
385 0 29.4723 4.89527 0 0 0
386 0 29.7109 3.17035 0 0 0
387 0 29.8429 1.14838 0 0 0
388 0 29.8679 -0.742719 0 0 0
389 0 29.7858 -2.44672 0 0 0
390 0 29.5411 -4.42219 0 0 0
391 0 29.1958 -6.35493 0 0 0
392 0 28.8013 -7.98583 0 0 0
393 0 28.2024 -9.84668 0 0 0
394 0 27.4714 -11.7466 0 0 0
395 0 26.7892 -13.2489 0 0 0
396 0 25.8704 -14.9338 0 0 0
397 0 24.7539 -16.7221 0 0 0
398 0 23.8182 -18.0468 0 0 0
399 0 22.624 -19.5033 0 0 0
400 0 21.1468 -21.0916 0 0 0
401 0 19.9913 -22.2067 0 0 0
402 0 18.5741 -23.3926 0 0 0
403 0 16.853 -24.6532 0 0 0
404 0 15.4505 -25.5721 0 0 0
405 0 13.8688 -26.4568 0 0 0
406 0 11.9735 -27.3558 0 0 0
407 0 10.3579 -28.0231 0 0 0
408 0 8.67332 -28.5879 0 0 0
409 0 6.67747 -29.1059 0 0 0
410 0 4.89527 -29.4723 0 0 0
411 0 3.17035 -29.7109 0 0 0
412 0 1.14838 -29.8429 0 0 0
413 0 -0.742719 -29.8679 0 0 0
414 0 -2.44672 -29.7858 0 0 0
415 0 -4.42219 -29.5411 0 0 0
416 0 -6.35493 -29.1958 0 0 0
417 0 -7.98583 -28.8013 0 0 0
418 0 -9.84668 -28.2024 0 0 0
419 0 -11.7466 -27.4714 0 0 0
420 0 -13.2489 -26.7892 0 0 0
421 0 -14.9338 -25.8704 0 0 0
422 0 -16.7221 -24.7539 0 0 0
423 0 -18.0468 -23.8182 0 0 0
424 0 -19.5033 -22.624 0 0 0
425 0 -21.0916 -21.1468 0 0 0
426 0 -22.2067 -19.9913 0 0 0
427 0 -23.3926 -18.5741 0 0 0
428 0 -24.6532 -16.853 0 0 0
429 0 -25.5721 -15.4505 0 0 0
430 0 -26.4568 -13.8688 0 0 0
431 0 -27.3558 -11.9735 0 0 0
432 0 -28.0231 -10.3579 0 0 0
433 0 -28.5879 -8.67332 0 0 0
434 0 -29.1059 -6.67747 0 0 0
435 0 -29.4723 -4.89527 0 0 0
436 0 -29.7109 -3.17035 0 0 0
437 0 -29.8429 -1.14838 0 0 0
438 0 -29.8679 0.742719 0 0 0
439 0 -29.7858 2.44672 0 0 0
440 0 -29.5411 4.42219 0 0 0
441 0 -29.1958 6.35493 0 0 0
442 0 -28.8013 7.98583 0 0 0
443 0 -28.2024 9.84668 0 0 0
444 0 -27.4714 11.7466 0 0 0
445 0 -26.7892 13.2489 0 0 0
446 0 -25.8704 14.9338 0 0 0
447 0 -24.7539 16.7221 0 0 0
448 0 -23.8182 18.0468 0 0 0
449 0 -22.624 19.5033 0 0 0
450 0 -21.1468 21.0916 0 0 0
451 0 -19.9913 22.2067 0 0 0
452 0 -18.5741 23.3926 0 0 0
453 0 -16.853 24.6532 0 0 0
454 0 -15.4505 25.5721 0 0 0
455 0 -13.8688 26.4568 0 0 0
456 0 -11.9735 27.3558 0 0 0
457 0 -10.3579 28.0231 0 0 0
458 0 -8.67332 28.5879 0 0 0
459 0 -6.67747 29.1059 0 0 0
460 0 -4.89527 29.4723 0 0 0
461 0 -3.17035 29.7109 0 0 0
462 0 -1.14838 29.8429 0 0 0
463 0 0.742719 29.8679 0 0 0
464 0 2.44672 29.7858 0 0 0
465 0 4.42219 29.5411 0 0 0
466 0 6.35493 29.1958 0 0 0
467 0 7.98583 28.8013 0 0 0
468 0 9.84668 28.2024 0 0 0
469 0 11.7466 27.4714 0 0 0
470 0 13.2489 26.7892 0 0 0
471 0 14.9338 25.8704 0 0 0
472 0 16.7221 24.7539 0 0 0
473 0 18.0468 23.8182 0 0 0
474 0 19.5033 22.624 0 0 0
475 0 21.0916 21.1468 0 0 0
476 0 22.2067 19.9913 0 0 0
477 0 22.1453 19.6967 0 0 0
478 0 21.9613 18.8147 0 0 0
479 0 21.6556 17.3495 0 0 0
480 0 21.2297 15.3086 0 0 0
481 0 20.6856 12.7022 0 0 0
482 0 20.026 9.54338 0 0 0
483 0 19.2541 5.84814 0 0 0
484 0 18.141 1.98331 0 0 0
485 0 16.8639 -2.2887 0 0 0
486 0 15.4394 -6.94481 0 0 0
487 0 13.6429 -11.4018 0 0 0
488 0 11.6413 -14.7862 0 0 0
489 0 10.0285 -16.3863 0 0 0
490 0 8.70011 -17.5623 0 0 0
491 0 7.71743 -18.4436 0 0 0
492 0 6.81791 -19.2793 0 0 0
493 0 6.23791 -19.9103 0 0 0
494 0 5.63802 -20.5625 0 0 0
495 0 5.02068 -21.233 0 0 0
496 0 4.66633 -21.8934 0 0 0
497 0 4.4955 -22.7169 0 0 0
498 0 4.2626 -23.2757 0 0 0
499 0 4.0269 -23.8413 0 0 0
500 0 3.78932 -24.4113 0 0 0
501 0 3.5508 -24.9837 0 0 0
502 0 3.5508 -9.23741 0 0 0
503 0 3.5508 6.44671 0 0 0
504 0 3.52734 19.9029 0 0 0
505 0 3.49613 24.2033 0 0 0
506 0 3.49927 26.5532 0 0 0
507 0 3.50217 27.9468 0 0 0
508 0 3.50483 29.307 0 0 0
509 0 3.52117 30.3497 0 0 0
510 0 3.53661 31.2802 0 0 0
511 0 3.55084 32.1753 0 0 0
512 0 3.56391 33.0314 0 0 0
513 0 3.47327 33.8244 0 0 0
514 0 3.22817 34.541 0 0 0
515 0 2.99728 35.2115 0 0 0
516 0 2.78192 35.8331 0 0 0
517 0 2.58329 36.4034 0 0 0
518 0 2.53035 36.8946 0 0 0
519 0 2.53464 37.3224 0 0 0
520 0 2.53833 37.6966 0 0 0
521 0 2.54142 38.0158 0 0 0
522 0 2.54393 38.2787 0 0 0
523 0 2.54588 38.4843 0 0 0
524 0 2.54727 38.6317 0 0 0
525 0 2.54809 38.7204 0 0 0
526 0 2.54837 38.75 0 0 0
527 0 10.2291 33.6264 0 0 0
528 0 18.1829 27.9291 0 0 0
529 0 25.3876 21.9581 0 0 0
530 0 28.0088 17.8946 0 0 0
531 0 29.4261 14.9316 0 0 0
532 0 30.3621 12.6646 0 0 0
533 0 31.169 10.3769 0 0 0
534 0 31.7303 8.48682 0 0 0
535 0 32.1988 6.22276 0 0 0
536 0 32.5642 4.32471 0 0 0
537 0 32.7665 2.40558 0 0 0
538 0 32.8048 0.136734 0 0 0
539 0 32.7964 -1.8822 0 0 0
540 0 32.6491 -3.76447 0 0 0
541 0 32.2726 -5.95877 0 0 0
542 0 31.8446 -8.03096 0 0 0
543 0 31.3688 -9.81512 0 0 0
544 0 30.607 -11.8616 0 0 0
545 0 29.7392 -13.8974 0 0 0
546 0 28.9661 -15.5288 0 0 0
547 0 27.8609 -17.3625 0 0 0
548 0 26.5525 -19.2667 0 0 0
549 0 25.522 -20.6989 0 0 0
550 0 24.1257 -22.2653 0 0 0
551 0 22.4094 -23.9331 0 0 0
552 0 21.1678 -25.1287 0 0 0
553 0 19.5405 -26.3854 0 0 0
554 0 17.5339 -27.6982 0 0 0
555 0 16.0588 -28.6607 0 0 0
556 0 14.266 -29.5779 0 0 0
557 0 12.0893 -30.4766 0 0 0
558 0 10.3769 -31.169 0 0 0
559 0 8.48682 -31.7303 0 0 0
560 0 6.22276 -32.1988 0 0 0
561 0 4.32471 -32.5642 0 0 0
562 0 2.40558 -32.7665 0 0 0
563 0 0.136734 -32.8048 0 0 0
564 0 -1.8822 -32.7964 0 0 0
565 0 -3.76447 -32.6491 0 0 0
566 0 -5.95877 -32.2726 0 0 0
567 0 -8.03096 -31.8446 0 0 0
568 0 -9.81512 -31.3688 0 0 0
569 0 -11.8616 -30.607 0 0 0
570 0 -13.8974 -29.7392 0 0 0
571 0 -15.5288 -28.9661 0 0 0
572 0 -17.3625 -27.8609 0 0 0
573 0 -19.2667 -26.5525 0 0 0
574 0 -20.6989 -25.522 0 0 0
575 0 -22.2653 -24.1257 0 0 0
576 0 -23.9331 -22.4094 0 0 0
577 0 -25.1287 -21.1678 0 0 0
578 0 -26.3854 -19.5405 0 0 0
579 0 -27.6982 -17.5339 0 0 0
580 0 -28.6607 -16.0588 0 0 0
581 0 -29.5779 -14.266 0 0 0
582 0 -30.4766 -12.0893 0 0 0
583 0 -31.169 -10.3769 0 0 0
584 0 -31.7303 -8.48682 0 0 0
585 0 -32.1988 -6.22276 0 0 0
586 0 -32.5642 -4.32471 0 0 0
587 0 -32.7665 -2.40558 0 0 0
588 0 -32.8048 -0.136734 0 0 0
589 0 -32.7964 1.8822 0 0 0
590 0 -32.6491 3.76447 0 0 0
591 0 -32.2726 5.95877 0 0 0
592 0 -31.8446 8.03096 0 0 0
593 0 -31.3688 9.81512 0 0 0
594 0 -30.607 11.8616 0 0 0
595 0 -29.7392 13.8974 0 0 0
596 0 -28.9661 15.5288 0 0 0
597 0 -27.8609 17.3625 0 0 0
598 0 -26.5525 19.2667 0 0 0
599 0 -25.522 20.6989 0 0 0
600 0 -24.1257 22.2653 0 0 0
601 0 -22.4094 23.9331 0 0 0
602 0 -21.1678 25.1287 0 0 0
603 0 -19.5405 26.3854 0 0 0
604 0 -17.5339 27.6982 0 0 0
605 0 -16.0588 28.6607 0 0 0
606 0 -14.266 29.5779 0 0 0
607 0 -12.0893 30.4766 0 0 0
608 0 -10.3769 31.169 0 0 0
609 0 -8.48682 31.7303 0 0 0
610 0 -6.22276 32.1988 0 0 0
611 0 -4.32471 32.5642 0 0 0
612 0 -2.40558 32.7665 0 0 0
613 0 -0.136734 32.8048 0 0 0
614 0 1.8822 32.7964 0 0 0
615 0 3.76447 32.6491 0 0 0
616 0 5.95877 32.2726 0 0 0
617 0 8.03096 31.8446 0 0 0
618 0 9.81512 31.3688 0 0 0
619 0 11.8616 30.607 0 0 0
620 0 13.8974 29.7392 0 0 0
621 0 15.5288 28.9661 0 0 0
622 0 17.3625 27.8609 0 0 0
623 0 19.2667 26.5525 0 0 0
624 0 20.6989 25.522 0 0 0
625 0 22.2653 24.1257 0 0 0
626 0 23.9331 22.4094 0 0 0
627 0 25.1287 21.1678 0 0 0
628 0 26.3854 19.5405 0 0 0
629 0 27.6982 17.5339 0 0 0
630 0 28.6607 16.0588 0 0 0
631 0 29.5779 14.266 0 0 0
632 0 30.4766 12.0893 0 0 0
633 0 31.169 10.3769 0 0 0
634 0 31.7303 8.48682 0 0 0
635 0 32.1988 6.22276 0 0 0
636 0 32.5642 4.32471 0 0 0
637 0 32.7665 2.40558 0 0 0
638 0 32.8048 0.136734 0 0 0
639 0 32.7964 -1.8822 0 0 0
640 0 32.6491 -3.76447 0 0 0
641 0 32.2726 -5.95877 0 0 0
642 0 31.8446 -8.03096 0 0 0
643 0 31.3688 -9.81512 0 0 0
644 0 30.607 -11.8616 0 0 0
645 0 29.7392 -13.8974 0 0 0
646 0 28.9661 -15.5288 0 0 0
647 0 27.8609 -17.3625 0 0 0
648 0 26.5525 -19.2667 0 0 0
649 0 25.522 -20.6989 0 0 0
650 0 24.1257 -22.2653 0 0 0
651 0 22.4094 -23.9331 0 0 0
652 0 21.1678 -25.1287 0 0 0
653 0 19.5405 -26.3854 0 0 0
654 0 17.5339 -27.6982 0 0 0
655 0 16.0588 -28.6607 0 0 0
656 0 14.266 -29.5779 0 0 0
657 0 12.0893 -30.4766 0 0 0
658 0 10.3769 -31.169 0 0 0
659 0 8.48682 -31.7303 0 0 0
660 0 6.22276 -32.1988 0 0 0
661 0 4.32471 -32.5642 0 0 0
662 0 2.40558 -32.7665 0 0 0
663 0 0.136734 -32.8048 0 0 0
664 0 -1.8822 -32.7964 0 0 0
665 0 -3.76447 -32.6491 0 0 0
666 0 -5.95877 -32.2726 0 0 0
667 0 -8.03096 -31.8446 0 0 0
668 0 -9.81512 -31.3688 0 0 0
669 0 -11.8616 -30.607 0 0 0
670 0 -13.8974 -29.7392 0 0 0
671 0 -15.5288 -28.9661 0 0 0
672 0 -17.3625 -27.8609 0 0 0
673 0 -19.2667 -26.5525 0 0 0
674 0 -20.6989 -25.522 0 0 0
675 0 -22.2653 -24.1257 0 0 0
676 0 -23.9331 -22.4094 0 0 0
677 0 -25.1287 -21.1678 0 0 0
678 0 -26.3854 -19.5405 0 0 0
679 0 -27.6982 -17.5339 0 0 0
680 0 -28.6607 -16.0588 0 0 0
681 0 -29.5779 -14.266 0 0 0
682 0 -30.4766 -12.0893 0 0 0
683 0 -31.169 -10.3769 0 0 0
684 0 -31.7303 -8.48682 0 0 0
685 0 -32.1988 -6.22276 0 0 0
686 0 -32.5642 -4.32471 0 0 0
687 0 -32.7665 -2.40558 0 0 0
688 0 -32.8048 -0.136734 0 0 0
689 0 -32.7964 1.8822 0 0 0
690 0 -32.6491 3.76447 0 0 0
691 0 -32.2726 5.95877 0 0 0
692 0 -31.8446 8.03096 0 0 0
693 0 -31.3688 9.81512 0 0 0
694 0 -30.607 11.8616 0 0 0
695 0 -29.7392 13.8974 0 0 0
696 0 -28.9661 15.5288 0 0 0
697 0 -27.8609 17.3625 0 0 0
698 0 -26.5525 19.2667 0 0 0
699 0 -25.522 20.6989 0 0 0
700 0 -24.1257 22.2653 0 0 0
701 0 -22.4094 23.9331 0 0 0
702 0 -21.1678 25.1287 0 0 0
703 0 -19.5405 26.3854 0 0 0
704 0 -17.5339 27.6982 0 0 0
705 0 -16.0588 28.6607 0 0 0
706 0 -14.266 29.5779 0 0 0
707 0 -12.0893 30.4766 0 0 0
708 0 -10.3769 31.169 0 0 0
709 0 -8.48682 31.7303 0 0 0
710 0 -6.22276 32.1988 0 0 0
711 0 -4.32471 32.5642 0 0 0
712 0 -2.40558 32.7665 0 0 0
713 0 -0.136734 32.8048 0 0 0
714 0 1.8822 32.7964 0 0 0
715 0 3.76447 32.6491 0 0 0
716 0 5.95877 32.2726 0 0 0
717 0 8.03096 31.8446 0 0 0
718 0 9.81512 31.3688 0 0 0
719 0 11.8616 30.607 0 0 0
720 0 13.8974 29.7392 0 0 0
721 0 15.5288 28.9661 0 0 0
722 0 17.3625 27.8609 0 0 0
723 0 19.2667 26.5525 0 0 0
724 0 20.6989 25.522 0 0 0
725 0 22.2653 24.1257 0 0 0
726 0 23.9331 22.4094 0 0 0
727 0 23.8117 22.0005 0 0 0
728 0 23.4482 20.776 0 0 0
729 0 22.8443 18.7422 0 0 0
730 0 22.0032 15.9096 0 0 0
731 0 20.9292 12.2931 0 0 0
732 0 19.6275 7.91162 0 0 0
733 0 18.105 2.78808 0 0 0
734 0 16.0951 -2.3882 0 0 0
735 0 13.7825 -7.93041 0 0 0
736 0 11.3032 -11.5466 0 0 0
737 0 9.39332 -13.358 0 0 0
738 0 8.01578 -14.5574 0 0 0
739 0 6.86432 -15.5879 0 0 0
740 0 6.07388 -16.3887 0 0 0
741 0 5.24612 -17.2237 0 0 0
742 0 4.68582 -17.9635 0 0 0
743 0 4.35982 -18.6182 0 0 0
744 0 4.02477 -19.2872 0 0 0
745 0 3.69769 -20.05 0 0 0
746 0 3.36273 -20.8298 0 0 0
747 0 3.02125 -21.6232 0 0 0
748 0 2.70119 -22.6489 0 0 0
749 0 2.48162 -23.6248 0 0 0
750 0 2.48162 -24.409 0 0 0
751 0 2.48162 -25.1963 0 0 0
