0.001 -0.000297617
0.002 -0.000595233
0.003 -0.00089285
0.004 -0.00119047
0.005 -0.00148808
0.006 -0.0017857
0.007 -0.00208332
0.008 -0.00238093
0.009 -0.00267855
0.01 -0.00297617
0.011 -0.00327378
0.012 -0.0035714
0.013 -0.00386902
0.014 -0.00416663
0.015 -0.00446425
0.016 -0.00476187
0.017 -0.00505948
0.018 -0.0053571
0.019 -0.00565472
0.02 -0.00595233
0.021 -0.00624995
0.022 -0.00654757
0.023 -0.00684518
0.024 -0.0071428
0.025 -0.00744042
0.026 -0.00773803
0.027 -0.00803565
0.028 -0.00833327
0.029 -0.00863088
0.03 -0.0089285
0.031 -0.00922612
0.032 -0.00952373
0.033 -0.00982135
0.034 -0.010119
0.035 -0.0104166
0.036 -0.0107142
0.037 -0.0110118
0.038 -0.0113094
0.039 -0.011607
0.04 -0.0119047
0.041 -0.0122023
0.042 -0.0124999
0.043 -0.0127975
0.044 -0.0130951
0.045 -0.0133927
0.046 -0.0136904
0.047 -0.013988
0.048 -0.0142856
0.049 -0.0145832
0.05 -0.0148808
0.051 -0.0151784
0.052 -0.0154761
0.053 -0.0157737
0.054 -0.0160713
0.055 -0.0163689
0.056 -0.0166665
0.057 -0.0169641
0.058 -0.0172618
0.059 -0.0175594
0.06 -0.017857
0.061 -0.0181546
0.062 -0.0184522
0.063 -0.0187498
0.064 -0.0190475
0.065 -0.0193451
0.066 -0.0196427
0.067 -0.0199403
0.068 -0.0202379
0.069 -0.0205355
0.07 -0.0208332
0.071 -0.0211308
0.072 -0.0214284
0.073 -0.021726
0.074 -0.0220236
0.075 -0.0223212
0.076 -0.0226189
0.077 -0.0229165
0.078 -0.0232141
0.079 -0.0235117
0.08 -0.0238093
0.081 -0.0241069
0.082 -0.0244046
0.083 -0.0247022
0.084 -0.0249998
0.085 -0.0252974
0.086 -0.025595
0.087 -0.0258926
0.088 -0.0261903
0.089 -0.0264879
0.09 -0.0267855
0.091 -0.0270831
0.092 -0.0273807
0.093 -0.0276783
0.094 -0.027976
0.095 -0.0282736
0.096 -0.0285712
0.097 -0.0288688
0.098 -0.0291664
0.099 -0.029464
0.1 -0.0297617
0.101 -0.0300593
0.102 -0.0303569
0.103 -0.0306545
0.104 -0.0309521
0.105 -0.0312497
0.106 -0.0315474
0.107 -0.031845
0.108 -0.0321426
0.109 -0.0324402
0.11 -0.0327378
0.111 -0.0330354
0.112 -0.0333331
0.113 -0.0336307
0.114 -0.0339283
0.115 -0.0342259
0.116 -0.0345235
0.117 -0.0348211
0.118 -0.0351188
0.119 -0.0354164
0.12 -0.035714
0.121 -0.0360116
0.122 -0.0363092
0.123 -0.0366068
0.124 -0.0369045
0.125 -0.0372021
0.126 -0.0374997
0.127 -0.0377973
0.128 -0.0380949
0.129 -0.0383925
0.13 -0.0386902
0.131 -0.0389878
0.132 -0.0392854
0.133 -0.039583
0.134 -0.0398806
0.135 -0.0401782
0.136 -0.0404759
0.137 -0.0407735
0.138 -0.0410711
0.139 -0.0413687
0.14 -0.0416663
0.141 -0.0419639
0.142 -0.0422616
0.143 -0.0425592
0.144 -0.0428568
0.145 -0.0431544
0.146 -0.043452
0.147 -0.0437496
0.148 -0.0440473
0.149 -0.0443449
0.15 -0.0446425
0.151 -0.0449401
0.152 -0.0452377
0.153 -0.0455353
0.154 -0.045833
0.155 -0.0461306
0.156 -0.0464282
0.157 -0.0467258
0.158 -0.0470234
0.159 -0.047321
0.16 -0.0476187
0.161 -0.0479163
0.162 -0.0482139
0.163 -0.0485115
0.164 -0.0488091
0.165 -0.0491067
0.166 -0.0494044
0.167 -0.049702
0.168 -0.0499996
0.169 -0.0502972
0.17 -0.0505948
0.171 -0.0508924
0.172 -0.0511901
0.173 -0.0514877
0.174 -0.0517853
0.175 -0.0520829
0.176 -0.0523805
0.177 -0.0526781
0.178 -0.0529758
0.179 -0.0532734
0.18 -0.053571
0.181 -0.0538686
0.182 -0.0541662
0.183 -0.0544638
0.184 -0.0547615
0.185 -0.0550591
0.186 -0.0553567
0.187 -0.0556543
0.188 -0.0559519
0.189 -0.0562495
0.19 -0.0565472
0.191 -0.0568448
0.192 -0.0571424
0.193 -0.05744
0.194 -0.0577376
0.195 -0.0580352
0.196 -0.0583329
0.197 -0.0586305
0.198 -0.0589281
0.199 -0.0592257
0.2 -0.0595233
0.201 -0.0598209
0.202 -0.0601186
0.203 -0.0604162
0.204 -0.0607138
0.205 -0.0610114
0.206 -0.061309
0.207 -0.0616066
0.208 -0.0619043
0.209 -0.0622019
0.21 -0.0624995
0.211 -0.0627971
0.212 -0.0630947
0.213 -0.0633923
0.214 -0.06369
0.215 -0.0639876
0.216 -0.0642852
0.217 -0.0645828
0.218 -0.0648804
0.219 -0.065178
0.22 -0.0654757
0.221 -0.0657733
0.222 -0.0660709
0.223 -0.0663685
0.224 -0.0666661
0.225 -0.0669637
0.226 -0.0672614
0.227 -0.067559
0.228 -0.0678566
0.229 -0.0681542
0.23 -0.0684518
0.231 -0.0687494
0.232 -0.0690471
0.233 -0.0693447
0.234 -0.0696423
0.235 -0.0699399
0.236 -0.0702375
0.237 -0.0705351
0.238 -0.0708328
0.239 -0.0711304
0.24 -0.071428
0.241 -0.0717256
0.242 -0.0720232
0.243 -0.0723208
0.244 -0.0726185
0.245 -0.0729161
0.246 -0.0732137
0.247 -0.0735113
0.248 -0.0738089
0.249 -0.0741065
0.25 -0.0744042
0.251 -0.0747018
0.252 -0.0749994
0.253 -0.075297
0.254 -0.0755946
0.255 -0.0758922
0.256 -0.0761899
0.257 -0.0764875
0.258 -0.0767851
0.259 -0.0770827
0.26 -0.0773803
0.261 -0.0776779
0.262 -0.0779756
0.263 -0.0782732
0.264 -0.0785708
0.265 -0.0788684
0.266 -0.079166
0.267 -0.0794636
0.268 -0.0797613
0.269 -0.0800589
0.27 -0.0803565
0.271 -0.0806541
0.272 -0.0809517
0.273 -0.0812493
0.274 -0.081547
0.275 -0.0818446
0.276 -0.0821422
0.277 -0.0824398
0.278 -0.0827374
0.279 -0.083035
0.28 -0.0833327
0.281 -0.0836303
0.282 -0.0839279
0.283 -0.0842255
0.284 -0.0845231
0.285 -0.0848207
0.286 -0.0851184
0.287 -0.085416
0.288 -0.0857136
0.289 -0.0860112
0.29 -0.0863088
0.291 -0.0866064
0.292 -0.0869041
0.293 -0.0872017
0.294 -0.0874993
0.295 -0.0877969
0.296 -0.0880945
0.297 -0.0883921
0.298 -0.0886898
0.299 -0.0889874
0.3 -0.089285
0.301 -0.0895826
0.302 -0.0898802
0.303 -0.0901778
0.304 -0.0904755
0.305 -0.0907731
0.306 -0.0910707
0.307 -0.0913683
0.308 -0.0916659
0.309 -0.0919635
0.31 -0.0922612
0.311 -0.0925588
0.312 -0.0928564
0.313 -0.093154
0.314 -0.0934516
0.315 -0.0937492
0.316 -0.0940469
0.317 -0.0943445
0.318 -0.0946421
0.319 -0.0949397
0.32 -0.0952373
0.321 -0.0955349
0.322 -0.0958326
0.323 -0.0961302
0.324 -0.0964278
0.325 -0.0967254
0.326 -0.097023
0.327 -0.0973206
0.328 -0.0976183
0.329 -0.0979159
0.33 -0.0982135
0.331 -0.0985111
0.332 -0.0988087
0.333 -0.0991063
0.334 -0.099404
0.335 -0.0997016
0.336 -0.0999992
0.337 -0.100297
0.338 -0.100594
0.339 -0.100892
0.34 -0.10119
0.341 -0.101487
0.342 -0.101785
0.343 -0.102083
0.344 -0.10238
0.345 -0.102678
0.346 -0.102975
0.347 -0.103273
0.348 -0.103571
0.349 -0.103868
0.35 -0.104166
0.351 -0.104463
0.352 -0.104761
0.353 -0.105059
0.354 -0.105356
0.355 -0.105654
0.356 -0.105952
0.357 -0.106249
0.358 -0.106547
0.359 -0.106844
0.36 -0.107142
0.361 -0.10744
0.362 -0.107737
0.363 -0.108035
0.364 -0.108332
0.365 -0.10863
0.366 -0.108928
0.367 -0.109225
0.368 -0.109523
0.369 -0.109821
0.37 -0.110118
0.371 -0.110416
0.372 -0.110713
0.373 -0.111011
0.374 -0.111309
0.375 -0.111606
0.376 -0.111904
0.377 -0.112201
0.378 -0.112499
0.379 -0.112797
0.38 -0.113094
0.381 -0.113392
0.382 -0.11369
0.383 -0.113987
0.384 -0.114285
0.385 -0.114582
0.386 -0.11488
0.387 -0.115178
0.388 -0.115475
0.389 -0.115773
0.39 -0.11607
0.391 -0.116368
0.392 -0.116666
0.393 -0.116963
0.394 -0.117261
0.395 -0.117559
0.396 -0.117856
0.397 -0.118154
0.398 -0.118451
0.399 -0.118749
0.4 -0.119047
0.401 -0.119344
0.402 -0.119642
0.403 -0.11994
0.404 -0.120237
0.405 -0.120535
0.406 -0.120832
0.407 -0.12113
0.408 -0.121428
0.409 -0.121725
0.41 -0.122023
0.411 -0.12232
0.412 -0.122618
0.413 -0.122916
0.414 -0.123213
0.415 -0.123511
0.416 -0.123809
0.417 -0.124106
0.418 -0.124404
0.419 -0.124701
0.42 -0.124999
0.421 -0.125297
0.422 -0.125594
0.423 -0.125892
0.424 -0.126189
0.425 -0.126487
0.426 -0.126785
0.427 -0.127082
0.428 -0.12738
0.429 -0.127678
0.43 -0.127975
0.431 -0.128273
0.432 -0.12857
0.433 -0.128868
0.434 -0.129166
0.435 -0.129463
0.436 -0.129761
0.437 -0.130058
0.438 -0.130356
0.439 -0.130654
0.44 -0.130951
0.441 -0.131249
0.442 -0.131547
0.443 -0.131844
0.444 -0.132142
0.445 -0.132439
0.446 -0.132737
0.447 -0.133035
0.448 -0.133332
0.449 -0.13363
0.45 -0.133927
0.451 -0.134225
0.452 -0.134523
0.453 -0.13482
0.454 -0.135118
0.455 -0.135416
0.456 -0.135713
0.457 -0.136011
0.458 -0.136308
0.459 -0.136606
0.46 -0.136904
0.461 -0.137201
0.462 -0.137499
0.463 -0.137797
0.464 -0.138094
0.465 -0.138392
0.466 -0.138689
0.467 -0.138987
0.468 -0.139285
0.469 -0.139582
0.47 -0.13988
0.471 -0.140177
0.472 -0.140475
0.473 -0.140773
0.474 -0.14107
0.475 -0.141368
0.476 -0.141666
0.477 -0.141963
0.478 -0.142261
0.479 -0.142558
0.48 -0.142856
0.481 -0.143154
0.482 -0.143451
0.483 -0.143749
0.484 -0.144046
0.485 -0.144344
0.486 -0.144642
0.487 -0.144939
0.488 -0.145237
0.489 -0.145535
0.49 -0.145832
0.491 -0.14613
0.492 -0.146427
0.493 -0.146725
0.494 -0.147023
0.495 -0.14732
0.496 -0.147618
0.497 -0.147915
0.498 -0.148213
0.499 -0.148511
0.5 -0.148808
0.501 -0.149106
0.502 -0.149404
0.503 -0.149701
0.504 -0.149999
0.505 -0.150296
0.506 -0.150594
0.507 -0.150892
0.508 -0.151189
0.509 -0.151487
0.51 -0.151784
0.511 -0.152082
0.512 -0.15238
0.513 -0.152677
0.514 -0.152975
0.515 -0.153273
0.516 -0.15357
0.517 -0.153868
0.518 -0.154165
0.519 -0.154463
0.52 -0.154761
0.521 -0.155058
0.522 -0.155356
0.523 -0.155654
0.524 -0.155951
0.525 -0.156249
0.526 -0.156546
0.527 -0.156844
0.528 -0.157142
0.529 -0.157439
0.53 -0.157737
0.531 -0.158034
0.532 -0.158332
0.533 -0.15863
0.534 -0.158927
0.535 -0.159225
0.536 -0.159523
0.537 -0.15982
0.538 -0.160118
0.539 -0.160415
0.54 -0.160713
0.541 -0.161011
0.542 -0.161308
0.543 -0.161606
0.544 -0.161903
0.545 -0.162201
0.546 -0.162499
0.547 -0.162796
0.548 -0.163094
0.549 -0.163392
0.55 -0.163689
0.551 -0.163987
0.552 -0.164284
0.553 -0.164582
0.554 -0.16488
0.555 -0.165177
0.556 -0.165475
0.557 -0.165772
0.558 -0.16607
0.559 -0.166368
0.56 -0.166665
0.561 -0.166963
0.562 -0.167261
0.563 -0.167558
0.564 -0.167856
0.565 -0.168153
0.566 -0.168451
0.567 -0.168749
0.568 -0.169046
0.569 -0.169344
0.57 -0.169641
0.571 -0.169939
0.572 -0.170237
0.573 -0.170534
0.574 -0.170832
0.575 -0.17113
0.576 -0.171427
0.577 -0.171725
0.578 -0.172022
0.579 -0.17232
0.58 -0.172618
0.581 -0.172915
0.582 -0.173213
0.583 -0.173511
0.584 -0.173808
0.585 -0.174106
0.586 -0.174403
0.587 -0.174701
0.588 -0.174999
0.589 -0.175296
0.59 -0.175594
0.591 -0.175891
0.592 -0.176189
0.593 -0.176487
0.594 -0.176784
0.595 -0.177082
0.596 -0.17738
0.597 -0.177677
0.598 -0.177975
0.599 -0.178272
0.6 -0.17857
0.601 -0.178868
0.602 -0.179165
0.603 -0.179463
0.604 -0.17976
0.605 -0.180058
0.606 -0.180356
0.607 -0.180653
0.608 -0.180951
0.609 -0.181249
0.61 -0.181546
0.611 -0.181844
0.612 -0.182141
0.613 -0.182439
0.614 -0.182737
0.615 -0.183034
0.616 -0.183332
0.617 -0.183629
0.618 -0.183927
0.619 -0.184225
0.62 -0.184522
0.621 -0.18482
0.622 -0.185118
0.623 -0.185415
0.624 -0.185713
0.625 -0.18601
0.626 -0.186308
0.627 -0.186606
0.628 -0.186903
0.629 -0.187201
0.63 -0.187498
0.631 -0.187796
0.632 -0.188094
0.633 -0.188391
0.634 -0.188689
0.635 -0.188987
0.636 -0.189284
0.637 -0.189582
0.638 -0.189879
0.639 -0.190177
0.64 -0.190475
0.641 -0.190772
0.642 -0.19107
0.643 -0.191368
0.644 -0.191665
0.645 -0.191963
0.646 -0.19226
0.647 -0.192558
0.648 -0.192856
0.649 -0.193153
0.65 -0.193451
0.651 -0.193748
0.652 -0.194046
0.653 -0.194344
0.654 -0.194641
0.655 -0.194939
0.656 -0.195237
0.657 -0.195534
0.658 -0.195832
0.659 -0.196129
0.66 -0.196427
0.661 -0.196725
0.662 -0.197022
0.663 -0.19732
0.664 -0.197617
0.665 -0.197915
0.666 -0.198213
0.667 -0.19851
0.668 -0.198808
0.669 -0.199106
0.67 -0.199403
0.671 -0.199701
0.672 -0.199998
0.673 -0.200296
0.674 -0.200594
0.675 -0.200891
0.676 -0.201189
0.677 -0.201486
0.678 -0.201784
0.679 -0.202082
0.68 -0.202379
0.681 -0.202677
0.682 -0.202975
0.683 -0.203272
0.684 -0.20357
0.685 -0.203867
0.686 -0.204165
0.687 -0.204463
0.688 -0.20476
0.689 -0.205058
0.69 -0.205355
0.691 -0.205653
0.692 -0.205951
0.693 -0.206248
0.694 -0.206546
0.695 -0.206844
0.696 -0.207141
0.697 -0.207439
0.698 -0.207736
0.699 -0.208034
0.7 -0.208332
0.701 -0.208629
0.702 -0.208927
0.703 -0.209225
0.704 -0.209522
0.705 -0.20982
0.706 -0.210117
0.707 -0.210415
0.708 -0.210713
0.709 -0.21101
0.71 -0.211308
0.711 -0.211605
0.712 -0.211903
0.713 -0.212201
0.714 -0.212498
0.715 -0.212796
0.716 -0.213094
0.717 -0.213391
0.718 -0.213689
0.719 -0.213986
0.72 -0.214284
0.721 -0.214582
0.722 -0.214879
0.723 -0.215177
0.724 -0.215474
0.725 -0.215772
0.726 -0.21607
0.727 -0.216367
0.728 -0.216665
0.729 -0.216963
0.73 -0.21726
0.731 -0.217558
0.732 -0.217855
0.733 -0.218153
0.734 -0.218451
0.735 -0.218748
0.736 -0.219046
0.737 -0.219343
0.738 -0.219641
0.739 -0.219939
0.74 -0.220236
0.741 -0.220534
0.742 -0.220832
0.743 -0.221129
0.744 -0.221427
0.745 -0.221724
0.746 -0.222022
0.747 -0.22232
0.748 -0.222617
0.749 -0.222915
0.75 -0.223212
0.751 -0.22351
0.752 -0.223808
0.753 -0.224105
0.754 -0.224403
0.755 -0.224701
0.756 -0.224998
0.757 -0.225296
0.758 -0.225593
0.759 -0.225891
0.76 -0.226189
0.761 -0.226486
0.762 -0.226784
0.763 -0.227082
0.764 -0.227379
0.765 -0.227677
0.766 -0.227974
0.767 -0.228272
0.768 -0.22857
0.769 -0.228867
0.77 -0.229165
0.771 -0.229462
0.772 -0.22976
0.773 -0.230058
0.774 -0.230355
0.775 -0.230653
0.776 -0.230951
0.777 -0.231248
0.778 -0.231546
0.779 -0.231843
0.78 -0.232141
0.781 -0.232439
0.782 -0.232736
0.783 -0.233034
0.784 -0.233331
0.785 -0.233629
0.786 -0.233927
0.787 -0.234224
0.788 -0.234522
0.789 -0.23482
0.79 -0.235117
0.791 -0.235415
0.792 -0.235712
0.793 -0.23601
0.794 -0.236308
0.795 -0.236605
0.796 -0.236903
0.797 -0.2372
0.798 -0.237498
0.799 -0.237796
0.8 -0.238093
0.801 -0.238391
0.802 -0.238689
0.803 -0.238986
0.804 -0.239284
0.805 -0.239581
0.806 -0.239879
0.807 -0.240177
0.808 -0.240474
0.809 -0.240772
0.81 -0.241069
0.811 -0.241367
0.812 -0.241665
0.813 -0.241962
0.814 -0.24226
0.815 -0.242558
0.816 -0.242855
0.817 -0.243153
0.818 -0.24345
0.819 -0.243748
0.82 -0.244046
0.821 -0.244343
0.822 -0.244641
0.823 -0.244939
0.824 -0.245236
0.825 -0.245534
0.826 -0.245831
0.827 -0.246129
0.828 -0.246427
0.829 -0.246724
0.83 -0.247022
0.831 -0.247319
0.832 -0.247617
0.833 -0.247915
0.834 -0.248212
0.835 -0.24851
0.836 -0.248808
0.837 -0.249105
0.838 -0.249403
0.839 -0.2497
0.84 -0.249998
0.841 -0.250296
0.842 -0.250593
0.843 -0.250891
0.844 -0.251188
0.845 -0.251486
0.846 -0.251784
0.847 -0.252081
0.848 -0.252379
0.849 -0.252677
0.85 -0.252974
0.851 -0.253272
0.852 -0.253569
0.853 -0.253867
0.854 -0.254165
0.855 -0.254462
0.856 -0.25476
0.857 -0.255057
0.858 -0.255355
0.859 -0.255653
0.86 -0.25595
0.861 -0.256248
0.862 -0.256546
0.863 -0.256843
0.864 -0.257141
0.865 -0.257438
0.866 -0.257736
0.867 -0.258034
0.868 -0.258331
0.869 -0.258629
0.87 -0.258926
0.871 -0.259224
0.872 -0.259522
0.873 -0.259819
0.874 -0.260117
0.875 -0.260415
0.876 -0.260712
0.877 -0.26101
0.878 -0.261307
0.879 -0.261605
0.88 -0.261903
0.881 -0.2622
0.882 -0.262498
0.883 -0.262796
0.884 -0.263093
0.885 -0.263391
0.886 -0.263688
0.887 -0.263986
0.888 -0.264284
0.889 -0.264581
0.89 -0.264879
0.891 -0.265176
0.892 -0.265474
0.893 -0.265772
0.894 -0.266069
0.895 -0.266367
0.896 -0.266665
0.897 -0.266962
0.898 -0.26726
0.899 -0.267557
0.9 -0.267855
0.901 -0.268153
0.902 -0.26845
0.903 -0.268748
0.904 -0.269045
0.905 -0.269343
0.906 -0.269641
0.907 -0.269938
0.908 -0.270236
0.909 -0.270534
0.91 -0.270831
0.911 -0.271129
0.912 -0.271426
0.913 -0.271724
0.914 -0.272022
0.915 -0.272319
0.916 -0.272617
0.917 -0.272914
0.918 -0.273212
0.919 -0.27351
0.92 -0.273807
0.921 -0.274105
0.922 -0.274403
0.923 -0.2747
0.924 -0.274998
0.925 -0.275295
0.926 -0.275593
0.927 -0.275891
0.928 -0.276188
0.929 -0.276486
0.93 -0.276783
0.931 -0.277081
0.932 -0.277379
0.933 -0.277676
0.934 -0.277974
0.935 -0.278272
0.936 -0.278569
0.937 -0.278867
0.938 -0.279164
0.939 -0.279462
0.94 -0.27976
0.941 -0.280057
0.942 -0.280355
0.943 -0.280653
0.944 -0.28095
0.945 -0.281248
0.946 -0.281545
0.947 -0.281843
0.948 -0.282141
0.949 -0.282438
0.95 -0.282736
0.951 -0.283033
0.952 -0.283331
0.953 -0.283629
0.954 -0.283926
0.955 -0.284224
0.956 -0.284522
0.957 -0.284819
0.958 -0.285117
0.959 -0.285414
0.96 -0.285712
0.961 -0.28601
0.962 -0.286307
0.963 -0.286605
0.964 -0.286902
0.965 -0.2872
0.966 -0.287498
0.967 -0.287795
0.968 -0.288093
0.969 -0.288391
0.97 -0.288688
0.971 -0.288986
0.972 -0.289283
0.973 -0.289581
0.974 -0.289879
0.975 -0.290176
0.976 -0.290474
0.977 -0.290771
0.978 -0.291069
0.979 -0.291367
0.98 -0.291664
0.981 -0.291962
0.982 -0.29226
0.983 -0.292557
0.984 -0.292855
0.985 -0.293152
0.986 -0.29345
0.987 -0.293748
0.988 -0.294045
0.989 -0.294343
0.99 -0.29464
0.991 -0.294938
0.992 -0.295236
0.993 -0.295533
0.994 -0.295831
0.995 -0.296129
0.996 -0.296426
0.997 -0.296724
0.998 -0.297021
0.999 -0.297319
1 -0.297617
