0 0
0.002 40227
0.004 80454
0.006 120681
0.008 160908
0.01 201135
0.012 218189
0.014 233758
0.016 248161
0.018 261619
0.02 274279
0.022 280909
0.024 287179
0.026 293138
0.028 298825
0.03 304273
0.032 309507
0.034 314550
0.036 319419
0.038 324131
0.04 328699
0.042 333135
0.044 337449
0.046 341650
0.048 345746
0.05 349768
0.052 354496
0.054 359147
0.056 363727
0.058 368240
0.06 372688
0.062 377076
0.064 381407
0.066 385683
0.068 389907
0.07 394081
0.072 398208
0.074 402289
0.076 406327
0.078 410323
0.08 414279
0.082 418197
0.084 422078
0.086 425922
0.088 429733
0.09 433510
0.092 437256
0.094 440970
0.096 444654
0.098 448309
0.1 451873
0.102 454720
0.104 457554
0.106 460374
0.108 463181
0.11 465975
0.112 468756
0.114 471525
0.116 474281
0.118 477026
0.12 479759
0.122 482481
0.124 485192
0.126 487891
0.128 490581
0.13 493259
0.132 495928
0.134 498586
0.136 501234
0.138 503873
0.14 506502
0.142 509121
0.144 511732
0.146 514333
0.148 516926
0.15 519510
0.152 522085
0.154 524652
0.156 527210
0.158 529760
0.16 532303
0.162 534837
0.164 537363
0.166 539882
0.168 542393
0.17 544897
0.172 547393
0.174 549882
0.176 552364
0.178 554839
0.18 557307
0.182 559768
0.184 562223
0.186 564670
0.188 567112
0.19 569546
0.192 571974
0.194 574396
0.196 576812
0.198 579222
0.2 581625
0.198 506983
0.196 442097
0.194 385636
0.192 336448
0.19 293540
0.188 256056
0.186 223253
0.184 194493
0.182 169223
0.18 146968
0.178 127314
0.176 109908
0.174 94441.7
0.172 80650.5
0.17 68305.5
0.168 57209.4
0.166 47191.6
0.164 38104.7
0.162 29821.8
0.16 22232.9
0.158 15243.3
0.156 8771.12
0.154 2745.76
0.152 -2893.84
0.15 -8200.36
0.148 -13219.3
0.146 -17989.9
0.144 -22546.1
0.142 -26917.2
0.14 -31128.4
0.138 -35201.6
0.136 -39155.6
0.134 -43006.8
0.132 -46769.1
0.13 -50454.7
0.128 -54074.1
0.126 -57636.3
0.124 -61149.1
0.122 -64619.3
0.12 -68052.6
0.118 -71454.2
0.116 -74828.4
0.114 -78178.8
0.112 -81508.8
0.11 -84821.1
0.108 -88118.2
0.106 -91402.1
0.104 -94674.6
0.102 -97937.3
0.1 -101192
0.098 -104438
0.096 -107679
0.094 -110914
0.092 -114145
0.09 -117371
0.088 -120594
0.086 -123814
0.084 -127031
0.082 -130246
0.08 -133459
0.078 -136670
0.076 -139880
0.074 -143088
0.072 -146296
0.07 -149502
0.068 -152708
0.066 -155913
0.064 -159118
0.062 -162322
0.06 -165525
0.058 -168728
0.056 -171931
0.054 -175133
0.052 -178336
0.05 -181538
0.048 -184739
0.046 -187941
0.044 -191143
0.042 -194344
0.04 -197545
0.038 -200746
0.036 -203948
0.034 -207149
0.032 -210350
0.03 -213551
0.028 -216751
0.026 -219952
0.024 -223153
0.022 -226354
0.02 -229555
0.018 -232755
0.016 -235956
0.014 -239157
0.012 -242358
0.01 -245558
0.008 -248759
0.006 -251960
0.004 -255160
0.002 -258361
-1.38778e-17 -261562
-0.002 -264762
-0.004 -267963
-0.006 -271164
-0.008 -274364
-0.01 -277565
-0.012 -280766
-0.014 -283966
-0.016 -287167
-0.018 -290368
-0.02 -293568
-0.022 -296769
-0.024 -299970
-0.026 -303170
-0.028 -306371
-0.03 -309571
-0.032 -312772
-0.034 -315973
-0.036 -319173
-0.038 -322374
-0.04 -325575
-0.042 -328775
-0.044 -331976
-0.046 -335177
-0.048 -338377
-0.05 -341578
-0.052 -344778
-0.054 -347979
-0.056 -351180
-0.058 -354380
-0.06 -357581
-0.062 -360782
-0.064 -363982
-0.066 -367183
-0.068 -370383
-0.07 -373584
-0.072 -376785
-0.074 -379985
-0.076 -383186
-0.078 -386387
-0.08 -389587
-0.082 -392788
-0.084 -395989
-0.086 -399189
-0.088 -402390
-0.09 -405590
-0.092 -408791
-0.094 -411992
-0.096 -415192
-0.098 -418393
-0.1 -421594
-0.102 -424794
-0.104 -427995
-0.106 -431195
-0.108 -434396
-0.11 -437597
-0.112 -440797
-0.114 -443998
-0.116 -447199
-0.118 -450399
-0.12 -453600
-0.122 -456801
-0.124 -460001
-0.126 -463202
-0.128 -466402
-0.13 -469603
-0.132 -472804
-0.134 -476004
-0.136 -479205
-0.138 -482406
-0.14 -485606
-0.142 -488807
-0.144 -492008
-0.146 -495208
-0.148 -498409
-0.15 -501609
-0.152 -504810
-0.154 -508011
-0.156 -511211
-0.158 -514412
-0.16 -517613
-0.162 -520813
-0.164 -524014
-0.166 -527214
-0.168 -530415
-0.17 -533616
-0.172 -536816
-0.174 -540017
-0.176 -543218
-0.178 -546418
-0.18 -549619
-0.182 -552820
-0.184 -556020
-0.186 -559221
-0.188 -562421
-0.19 -565622
-0.192 -568823
-0.194 -572023
-0.196 -575224
-0.198 -578425
-0.2 -581625
-0.198 -506983
-0.196 -442097
-0.194 -385636
-0.192 -336448
-0.19 -293540
-0.188 -256056
-0.186 -223253
-0.184 -194493
-0.182 -169223
-0.18 -146968
-0.178 -127314
-0.176 -109908
-0.174 -94441.7
-0.172 -80650.5
-0.17 -68305.5
-0.168 -57209.4
-0.166 -47191.6
-0.164 -38104.7
-0.162 -29821.8
-0.16 -22232.9
-0.158 -15243.3
-0.156 -8771.12
-0.154 -2745.76
-0.152 2893.84
-0.15 8200.36
-0.148 13219.3
-0.146 17989.9
-0.144 22546.1
-0.142 26917.2
-0.14 31128.4
-0.138 35201.6
-0.136 39155.6
-0.134 43006.8
-0.132 46769.1
-0.13 50454.7
-0.128 54074.1
-0.126 57636.3
-0.124 61149.1
-0.122 64619.3
-0.12 68052.6
-0.118 71454.2
-0.116 74828.4
-0.114 78178.8
-0.112 81508.8
-0.11 84821.1
-0.108 88118.2
-0.106 91402.1
-0.104 94674.6
-0.102 97937.3
-0.1 101192
-0.098 104438
-0.096 107679
-0.094 110914
-0.092 114145
-0.09 117371
-0.088 120594
-0.086 123814
-0.084 127031
-0.082 130246
-0.08 133459
-0.078 136670
-0.076 139880
-0.074 143088
-0.072 146296
-0.07 149502
-0.068 152708
-0.066 155913
-0.064 159118
-0.062 162322
-0.06 165525
-0.058 168728
-0.056 171931
-0.054 175133
-0.052 178336
-0.05 181538
-0.048 184739
-0.046 187941
-0.044 191143
-0.042 194344
-0.04 197545
-0.038 200746
-0.036 203948
-0.034 207149
-0.032 210350
-0.03 213551
-0.028 216751
-0.026 219952
-0.024 223153
-0.022 226354
-0.02 229555
-0.018 232755
-0.016 235956
-0.014 239157
-0.012 242358
-0.01 245558
-0.008 248759
-0.006 251960
-0.004 255160
-0.002 258361
-1.38778e-17 261562
0.002 264762
0.004 267963
0.006 271164
0.008 274364
0.01 277565
0.012 280766
0.014 283966
0.016 287167
0.018 290368
0.02 293568
0.022 296769
0.024 299970
0.026 303170
0.028 306371
0.03 309571
0.032 312772
0.034 315973
0.036 319173
0.038 322374
0.04 325575
0.042 328775
0.044 331976
0.046 335177
0.048 338377
0.05 341578
0.052 344778
0.054 347979
0.056 351180
0.058 354380
0.06 357581
0.062 360782
0.064 363982
0.066 367183
0.068 370383
0.07 373584
0.072 376785
0.074 379985
0.076 383186
0.078 386387
0.08 389587
0.082 392788
0.084 395989
0.086 399189
0.088 402390
0.09 405590
0.092 408791
0.094 411992
0.096 415192
0.098 418393
0.1 421594
0.102 424794
0.104 427995
0.106 431195
0.108 434396
0.11 437597
0.112 440797
0.114 443998
0.116 447199
0.118 450399
0.12 453600
0.122 456801
0.124 460001
0.126 463202
0.128 466402
0.13 469603
0.132 472804
0.134 476004
0.136 479205
0.138 482406
0.14 485606
0.142 488807
0.144 492008
0.146 495208
0.148 498409
0.15 501609
0.152 504810
0.154 508011
0.156 511211
0.158 514412
0.16 517613
0.162 520813
0.164 524014
0.166 527214
0.168 530415
0.17 533616
0.172 536816
0.174 540017
0.176 543218
0.178 546418
0.18 549619
0.182 552820
0.184 556020
0.186 559221
0.188 562421
0.19 565622
0.192 568823
0.194 572023
0.196 575224
0.198 578425
0.2 581625
0.202 584440
0.204 587252
0.206 590060
0.208 592865
0.21 595667
0.212 598465
0.214 601260
0.216 604053
0.218 606842
0.22 609628
0.222 612411
0.224 615191
0.226 617968
0.228 620742
0.23 623513
0.232 626281
0.234 629047
0.236 631809
0.238 634569
0.24 637326
0.242 640080
0.244 642832
0.246 645581
0.248 648327
0.25 651070
0.252 653811
0.254 656549
0.256 659285
0.258 662018
0.26 664748
0.262 667476
0.264 670202
0.266 672925
0.268 675646
0.27 678364
0.272 681079
0.274 683793
0.276 686504
0.278 689212
0.28 691919
0.282 694622
0.284 697324
0.286 700023
0.288 702721
0.29 705415
0.292 708108
0.294 710798
0.296 713487
0.298 716173
0.3 718857
0.302 721538
0.304 724218
0.306 726895
0.308 729571
0.31 732244
0.312 734915
0.314 737584
0.316 740252
0.318 742917
0.32 745580
0.322 748241
0.324 750900
0.326 753557
0.328 756212
0.33 758866
0.332 761517
0.334 764166
0.336 766814
0.338 769459
0.34 772103
0.342 774745
0.344 777385
0.346 780023
0.348 782660
0.35 785294
0.352 787927
0.354 790558
0.356 793187
0.358 795814
0.36 798440
0.362 801064
0.364 803686
0.366 806306
0.368 808925
0.37 811542
0.372 814157
0.374 816771
0.376 819383
0.378 821993
0.38 824602
0.382 827209
0.384 829814
0.386 832417
0.388 835020
0.39 837620
0.392 840219
0.394 842816
0.396 845412
0.398 848006
0.4 850600
0.398 782667
0.396 722794
0.394 669982
0.392 623356
0.39 582147
0.388 545683
0.386 513376
0.384 484711
0.382 459235
0.38 436553
0.378 416318
0.376 398227
0.374 382015
0.372 367447
0.37 354321
0.368 342457
0.366 331699
0.364 321909
0.362 312969
0.36 304772
0.358 297226
0.356 290251
0.354 283776
0.352 277739
0.35 272086
0.348 266769
0.346 261747
0.344 256982
0.342 252444
0.34 248104
0.338 243938
0.336 239923
0.334 236042
0.332 232278
0.33 228616
0.328 225044
0.326 221551
0.324 218126
0.322 214762
0.32 211451
0.318 208186
0.316 204962
0.314 201774
0.312 198617
0.31 195487
0.308 192381
0.306 189296
0.304 186230
0.302 183180
0.3 180144
0.298 177120
0.296 174108
0.294 171105
0.292 168110
0.29 165122
0.288 162142
0.286 159166
0.284 156196
0.282 153230
0.28 150268
0.278 147309
0.276 144353
0.274 141399
0.272 138448
0.27 135498
0.268 132551
0.266 129604
0.264 126659
0.262 123716
0.26 120773
0.258 117831
0.256 114889
0.254 111949
0.252 109009
0.25 106069
0.248 103130
0.246 100191
0.244 97251.9
0.242 94313.4
0.24 91375.2
0.238 88437
0.236 85499
0.234 82561.1
0.232 79623.3
0.23 76685.5
0.228 73747.8
0.226 70810
0.224 67872.3
0.222 64934.5
0.22 61996.8
0.218 59058.9
0.216 56121.1
0.214 53183.2
0.212 50245.2
0.21 47307.1
0.208 44369
0.206 41430.9
0.204 38492.6
0.202 35554.2
0.2 32615.8
0.198 29677.3
0.196 26738.7
0.194 23800
0.192 20861.2
0.19 17922.4
0.188 14983.4
0.186 12044.3
0.184 9105.16
0.182 6165.91
0.18 3226.57
0.178 287.124
0.176 -2652.41
0.174 -5592.04
0.172 -8531.76
0.17 -11471.6
0.168 -14411.5
0.166 -17351.5
0.164 -20291.6
0.162 -23231.8
0.16 -26172
0.158 -29112.4
0.156 -32052.8
0.154 -34993.4
0.152 -37934
0.15 -40874.7
0.148 -43815.5
0.146 -46756.4
0.144 -49697.3
0.142 -52638.4
0.14 -55579.5
0.138 -58520.7
0.136 -61462
0.134 -64403.3
0.132 -67344.8
0.13 -70286.3
0.128 -73227.8
0.126 -76169.5
0.124 -79111.2
0.122 -82053
0.12 -84994.9
0.118 -87936.8
0.116 -90878.8
0.114 -93820.8
0.112 -96763
0.11 -99705.1
0.108 -102647
0.106 -105590
0.104 -108532
0.102 -111475
0.1 -114417
0.098 -117360
0.096 -120302
0.094 -123245
0.092 -126188
0.09 -129130
0.088 -132073
0.086 -135016
0.084 -137959
0.082 -140902
0.08 -143845
0.078 -146788
0.076 -149731
0.074 -152674
0.072 -155617
0.07 -158561
0.068 -161504
0.066 -164447
0.064 -167391
0.062 -170334
0.06 -173278
0.058 -176221
0.056 -179165
0.054 -182108
0.052 -185052
0.05 -187995
0.048 -190939
0.046 -193883
0.044 -196826
0.042 -199770
0.04 -202714
0.038 -205658
0.036 -208602
0.034 -211546
0.032 -214490
0.03 -217434
0.028 -220378
0.026 -223322
0.024 -226266
0.022 -229210
0.02 -232154
0.018 -235098
0.016 -238042
0.014 -240986
0.012 -243930
0.01 -246875
0.008 -249819
0.006 -252763
0.004 -255707
0.002 -258652
-4.16334e-17 -261596
-0.002 -264540
-0.004 -267485
-0.006 -270429
-0.008 -273374
-0.01 -276318
-0.012 -279262
-0.014 -282207
-0.016 -285151
-0.018 -288096
-0.02 -291040
-0.022 -293985
-0.024 -296929
-0.026 -299874
-0.028 -302819
-0.03 -305763
-0.032 -308708
-0.034 -311652
-0.036 -314597
-0.038 -317542
-0.04 -320486
-0.042 -323431
-0.044 -326376
-0.046 -329320
-0.048 -332265
-0.05 -335210
-0.052 -338155
-0.054 -341099
-0.056 -344044
-0.058 -346989
-0.06 -349934
-0.062 -352878
-0.064 -355823
-0.066 -358768
-0.068 -361713
-0.07 -364658
-0.072 -367602
-0.074 -370547
-0.076 -373492
-0.078 -376437
-0.08 -379382
-0.082 -382327
-0.084 -385272
-0.086 -388217
-0.088 -391161
-0.09 -394106
-0.092 -397051
-0.094 -399996
-0.096 -402941
-0.098 -405886
-0.1 -408831
-0.102 -411776
-0.104 -414721
-0.106 -417666
-0.108 -420611
-0.11 -423556
-0.112 -426501
-0.114 -429446
-0.116 -432391
-0.118 -435336
-0.12 -438281
-0.122 -441226
-0.124 -444171
-0.126 -447116
-0.128 -450061
-0.13 -453006
-0.132 -455951
-0.134 -458896
-0.136 -461841
-0.138 -464786
-0.14 -467731
-0.142 -470676
-0.144 -473621
-0.146 -476566
-0.148 -479511
-0.15 -482456
-0.152 -485401
-0.154 -488346
-0.156 -491291
-0.158 -494236
-0.16 -497181
-0.162 -500127
-0.164 -503072
-0.166 -506017
-0.168 -508962
-0.17 -511907
-0.172 -514852
-0.174 -517797
-0.176 -520742
-0.178 -523687
-0.18 -526632
-0.182 -529577
-0.184 -532523
-0.186 -535468
-0.188 -538413
-0.19 -541358
-0.192 -544303
-0.194 -547248
-0.196 -550193
-0.198 -553138
-0.2 -556083
-0.202 -559029
-0.204 -561974
-0.206 -564919
-0.208 -567864
-0.21 -570809
-0.212 -573754
-0.214 -576699
-0.216 -579645
-0.218 -582590
-0.22 -585535
-0.222 -588480
-0.224 -591425
-0.226 -594370
-0.228 -597315
-0.23 -600261
-0.232 -603206
-0.234 -606151
-0.236 -609096
-0.238 -612041
-0.24 -614986
-0.242 -617931
-0.244 -620877
-0.246 -623822
-0.248 -626767
-0.25 -629712
-0.252 -632657
-0.254 -635602
-0.256 -638547
-0.258 -641493
-0.26 -644438
-0.262 -647383
-0.264 -650328
-0.266 -653273
-0.268 -656218
-0.27 -659164
-0.272 -662109
-0.274 -665054
-0.276 -667999
-0.278 -670944
-0.28 -673889
-0.282 -676835
-0.284 -679780
-0.286 -682725
-0.288 -685670
-0.29 -688615
-0.292 -691560
-0.294 -694506
-0.296 -697451
-0.298 -700396
-0.3 -703341
-0.302 -706286
-0.304 -709231
-0.306 -712177
-0.308 -715122
-0.31 -718067
-0.312 -721012
-0.314 -723957
-0.316 -726902
-0.318 -729848
-0.32 -732793
-0.322 -735738
-0.324 -738683
-0.326 -741628
-0.328 -744574
-0.33 -747519
-0.332 -750464
-0.334 -753409
-0.336 -756354
-0.338 -759299
-0.34 -762245
-0.342 -765190
-0.344 -768135
-0.346 -771080
-0.348 -774025
-0.35 -776971
-0.352 -779916
-0.354 -782861
-0.356 -785806
-0.358 -788751
-0.36 -791696
-0.362 -794642
-0.364 -797587
-0.366 -800532
-0.368 -803477
-0.37 -806422
-0.372 -809368
-0.374 -812313
-0.376 -815258
-0.378 -818203
-0.38 -821148
-0.382 -824093
-0.384 -827039
-0.386 -829984
-0.388 -832929
-0.39 -835874
-0.392 -838819
-0.394 -841765
-0.396 -844710
-0.398 -847655
-0.4 -850600
-0.398 -782667
-0.396 -722794
-0.394 -669982
-0.392 -623356
-0.39 -582147
-0.388 -545683
-0.386 -513376
-0.384 -484711
-0.382 -459235
-0.38 -436553
-0.378 -416318
-0.376 -398227
-0.374 -382015
-0.372 -367447
-0.37 -354321
-0.368 -342457
-0.366 -331699
-0.364 -321909
-0.362 -312969
-0.36 -304772
-0.358 -297226
-0.356 -290251
-0.354 -283776
-0.352 -277739
-0.35 -272086
-0.348 -266769
-0.346 -261747
-0.344 -256982
-0.342 -252444
-0.34 -248104
-0.338 -243938
-0.336 -239923
-0.334 -236042
-0.332 -232278
-0.33 -228616
-0.328 -225044
-0.326 -221551
-0.324 -218126
-0.322 -214762
-0.32 -211451
-0.318 -208186
-0.316 -204962
-0.314 -201774
-0.312 -198617
-0.31 -195487
-0.308 -192381
-0.306 -189296
-0.304 -186230
-0.302 -183180
-0.3 -180144
-0.298 -177120
-0.296 -174108
-0.294 -171105
-0.292 -168110
-0.29 -165122
-0.288 -162142
-0.286 -159166
-0.284 -156196
-0.282 -153230
-0.28 -150268
-0.278 -147309
-0.276 -144353
-0.274 -141399
-0.272 -138448
-0.27 -135498
-0.268 -132551
-0.266 -129604
-0.264 -126659
-0.262 -123716
-0.26 -120773
-0.258 -117831
-0.256 -114889
-0.254 -111949
-0.252 -109009
-0.25 -106069
-0.248 -103130
-0.246 -100191
-0.244 -97251.9
-0.242 -94313.4
-0.24 -91375.2
-0.238 -88437
-0.236 -85499
-0.234 -82561.1
-0.232 -79623.3
-0.23 -76685.5
-0.228 -73747.8
-0.226 -70810
-0.224 -67872.3
-0.222 -64934.5
-0.22 -61996.8
-0.218 -59058.9
-0.216 -56121.1
-0.214 -53183.2
-0.212 -50245.2
-0.21 -47307.1
-0.208 -44369
-0.206 -41430.9
-0.204 -38492.6
-0.202 -35554.2
-0.2 -32615.8
-0.198 -29677.3
-0.196 -26738.7
-0.194 -23800
-0.192 -20861.2
-0.19 -17922.4
-0.188 -14983.4
-0.186 -12044.3
-0.184 -9105.16
-0.182 -6165.91
-0.18 -3226.57
-0.178 -287.124
-0.176 2652.41
-0.174 5592.04
-0.172 8531.76
-0.17 11471.6
-0.168 14411.5
-0.166 17351.5
-0.164 20291.6
-0.162 23231.8
-0.16 26172
-0.158 29112.4
-0.156 32052.8
-0.154 34993.4
-0.152 37934
-0.15 40874.7
-0.148 43815.5
-0.146 46756.4
-0.144 49697.3
-0.142 52638.4
-0.14 55579.5
-0.138 58520.7
-0.136 61462
-0.134 64403.3
-0.132 67344.8
-0.13 70286.3
-0.128 73227.8
-0.126 76169.5
-0.124 79111.2
-0.122 82053
-0.12 84994.9
-0.118 87936.8
-0.116 90878.8
-0.114 93820.8
-0.112 96763
-0.11 99705.1
-0.108 102647
-0.106 105590
-0.104 108532
-0.102 111475
-0.1 114417
-0.098 117360
-0.096 120302
-0.094 123245
-0.092 126188
-0.09 129130
-0.088 132073
-0.086 135016
-0.084 137959
-0.082 140902
-0.08 143845
-0.078 146788
-0.076 149731
-0.074 152674
-0.072 155617
-0.07 158561
-0.068 161504
-0.066 164447
-0.064 167391
-0.062 170334
-0.06 173278
-0.058 176221
-0.056 179165
-0.054 182108
-0.052 185052
-0.05 187995
-0.048 190939
-0.046 193883
-0.044 196826
-0.042 199770
-0.04 202714
-0.038 205658
-0.036 208602
-0.034 211546
-0.032 214490
-0.03 217434
-0.028 220378
-0.026 223322
-0.024 226266
-0.022 229210
-0.02 232154
-0.018 235098
-0.016 238042
-0.014 240986
-0.012 243930
-0.01 246875
-0.008 249819
-0.006 252763
-0.004 255707
-0.002 258652
-1.38778e-17 261596
0.002 264540
0.004 267485
0.006 270429
0.008 273374
0.01 276318
0.012 279262
0.014 282207
0.016 285151
0.018 288096
0.02 291040
0.022 293985
0.024 296929
0.026 299874
0.028 302819
0.03 305763
0.032 308708
0.034 311652
0.036 314597
0.038 317542
0.04 320486
0.042 323431
0.044 326376
0.046 329320
0.048 332265
0.05 335210
0.052 338155
0.054 341099
0.056 344044
0.058 346989
0.06 349934
0.062 352878
0.064 355823
0.066 358768
0.068 361713
0.07 364658
0.072 367602
0.074 370547
0.076 373492
0.078 376437
0.08 379382
0.082 382327
0.084 385272
0.086 388217
0.088 391161
0.09 394106
0.092 397051
0.094 399996
0.096 402941
0.098 405886
0.1 408831
0.102 411776
0.104 414721
0.106 417666
0.108 420611
0.11 423556
0.112 426501
0.114 429446
0.116 432391
0.118 435336
0.12 438281
0.122 441226
0.124 444171
0.126 447116
0.128 450061
0.13 453006
0.132 455951
0.134 458896
0.136 461841
0.138 464786
0.14 467731
0.142 470676
0.144 473621
0.146 476566
0.148 479511
0.15 482456
0.152 485401
0.154 488346
0.156 491291
0.158 494236
0.16 497181
0.162 500127
0.164 503072
0.166 506017
0.168 508962
0.17 511907
0.172 514852
0.174 517797
0.176 520742
0.178 523687
0.18 526632
0.182 529577
0.184 532523
0.186 535468
0.188 538413
0.19 541358
0.192 544303
0.194 547248
0.196 550193
0.198 553138
0.2 556083
0.202 559029
0.204 561974
0.206 564919
0.208 567864
0.21 570809
0.212 573754
0.214 576699
0.216 579645
0.218 582590
0.22 585535
0.222 588480
0.224 591425
0.226 594370
0.228 597315
0.23 600261
0.232 603206
0.234 606151
0.236 609096
0.238 612041
0.24 614986
0.242 617931
0.244 620877
0.246 623822
0.248 626767
0.25 629712
0.252 632657
0.254 635602
0.256 638547
0.258 641493
0.26 644438
0.262 647383
0.264 650328
0.266 653273
0.268 656218
0.27 659164
0.272 662109
0.274 665054
0.276 667999
0.278 670944
0.28 673889
0.282 676835
0.284 679780
0.286 682725
0.288 685670
0.29 688615
0.292 691560
0.294 694506
0.296 697451
0.298 700396
0.3 703341
0.302 706286
0.304 709231
0.306 712177
0.308 715122
0.31 718067
0.312 721012
0.314 723957
0.316 726902
0.318 729848
0.32 732793
0.322 735738
0.324 738683
0.326 741628
0.328 744574
0.33 747519
0.332 750464
0.334 753409
0.336 756354
0.338 759299
0.34 762245
0.342 765190
0.344 768135
0.346 771080
0.348 774025
0.35 776971
0.352 779916
0.354 782861
0.356 785806
0.358 788751
0.36 791696
0.362 794642
0.364 797587
0.366 800532
0.368 803477
0.37 806422
0.372 809368
0.374 812313
0.376 815258
0.378 818203
0.38 821148
0.382 824093
0.384 827039
0.386 829984
0.388 832929
0.39 835874
0.392 838819
0.394 841765
0.396 844710
0.398 847655
0.4 850600
0.402 853548
0.404 856503
0.406 859464
0.408 862431
0.41 865405
0.412 868385
0.414 871373
0.416 874367
0.418 877368
0.42 880376
0.422 883391
0.424 886413
0.426 889443
0.428 892480
0.43 895524
0.432 898576
0.434 901636
0.436 904703
0.438 907778
0.44 910861
0.442 913953
0.444 917052
0.446 920159
0.448 923275
0.45 926399
0.452 929532
0.454 932673
0.456 935823
0.458 938982
0.46 942149
0.462 945326
0.464 948511
0.466 951706
0.468 954910
0.47 958123
0.472 961345
0.474 964578
0.476 967819
0.478 971071
0.48 974332
0.482 977603
0.484 980884
0.486 984175
0.488 987476
0.49 990788
0.492 994109
0.494 997442
0.496 1.00078e+06
0.498 1.00414e+06
0.5 1.0075e+06
0.502 1.01088e+06
0.504 1.01426e+06
0.506 1.01766e+06
0.508 1.02107e+06
0.51 1.02449e+06
0.512 1.02792e+06
0.514 1.03136e+06
0.516 1.03481e+06
0.518 1.03828e+06
0.52 1.04175e+06
0.522 1.04524e+06
0.524 1.04874e+06
0.526 1.05225e+06
0.528 1.05577e+06
0.53 1.05931e+06
0.532 1.06286e+06
0.534 1.06642e+06
0.536 1.06999e+06
0.538 1.07358e+06
0.54 1.07717e+06
0.542 1.08078e+06
0.544 1.08441e+06
0.546 1.08804e+06
0.548 1.09169e+06
0.55 1.09535e+06
0.552 1.09903e+06
0.554 1.10272e+06
0.556 1.10642e+06
0.558 1.11013e+06
0.56 1.11386e+06
0.562 1.1176e+06
0.564 1.12136e+06
0.566 1.12513e+06
0.568 1.12891e+06
0.57 1.13271e+06
0.572 1.13652e+06
0.574 1.14035e+06
0.576 1.14418e+06
0.578 1.14804e+06
0.58 1.15191e+06
0.582 1.15579e+06
0.584 1.15969e+06
0.586 1.1636e+06
0.588 1.16753e+06
0.59 1.17147e+06
0.592 1.17542e+06
0.594 1.1794e+06
0.596 1.18338e+06
0.598 1.18738e+06
0.6 1.1914e+06
0.598 1.13777e+06
0.596 1.08809e+06
0.594 1.04203e+06
0.592 999304
0.59 959638
0.588 922784
0.586 888516
0.584 856626
0.582 826924
0.58 799234
0.578 773396
0.576 749264
0.574 726702
0.572 705586
0.57 685803
0.568 667249
0.566 649827
0.564 633452
0.562 618041
0.56 603521
0.558 589824
0.556 576888
0.554 564654
0.552 553072
0.55 542091
0.548 531668
0.546 521762
0.544 512334
0.542 503351
0.54 494781
0.538 486593
0.536 478762
0.534 471261
0.532 464069
0.53 457164
0.528 450526
0.526 444138
0.524 437983
0.522 432044
0.52 426310
0.518 420765
0.516 415398
0.514 410198
0.512 405154
0.51 400256
0.508 395496
0.506 390866
0.504 386357
0.502 381963
0.5 377676
0.498 373491
0.496 369402
0.494 365404
0.492 361491
0.49 357658
0.488 353902
0.486 350218
0.484 346603
0.482 343053
0.48 339564
0.478 336133
0.476 332758
0.474 329436
0.472 326164
0.47 322939
0.468 319759
0.466 316623
0.464 313527
0.462 310471
0.46 307451
0.458 304467
0.456 301517
0.454 298599
0.452 295712
0.45 292854
0.448 290024
0.446 287221
0.444 284443
0.442 281690
0.44 278960
0.438 276251
0.436 273564
0.434 270898
0.432 268250
0.43 265621
0.428 263009
0.426 260414
0.424 257835
0.422 255271
0.42 252721
0.418 250186
0.416 247663
0.414 245153
0.412 242655
0.41 240168
0.408 237692
0.406 235227
0.404 232771
0.402 230324
0.4 227886
0.398 225456
0.396 223034
0.394 220619
0.392 218212
0.39 215811
0.388 213416
0.386 211027
0.384 208643
0.382 206265
0.38 203892
0.378 201523
0.376 199158
0.374 196797
0.372 194440
0.37 192086
0.368 189735
0.366 187387
0.364 185041
0.362 182698
0.36 180357
0.358 178018
0.356 175681
0.354 173345
0.352 171011
0.35 168677
0.348 166345
0.346 164013
0.344 161682
0.342 159352
0.34 157021
0.338 154691
0.336 152361
0.334 150031
0.332 147700
0.33 145369
0.328 143038
0.326 140706
0.324 138373
0.322 136040
0.32 133705
0.318 131370
0.316 129033
0.314 126695
0.312 124356
0.31 122016
0.308 119674
0.306 117331
0.304 114986
0.302 112639
0.3 110291
0.298 107941
0.296 105590
0.294 103236
0.292 100881
0.29 98523.3
0.288 96164
0.286 93802.6
0.284 91439.2
0.282 89073.6
0.28 86706
0.278 84336.2
0.276 81964.2
0.274 79590.1
0.272 77213.6
0.27 74835
0.268 72454
0.266 70070.8
0.264 67685.3
0.262 65297.5
0.26 62907.3
0.258 60514.8
0.256 58119.9
0.254 55722.7
0.252 53323.1
0.25 50921.1
0.248 48516.8
0.246 46110.1
0.244 43701
0.242 41289.5
0.24 38875.7
0.238 36459.4
0.236 34040.8
0.234 31619.9
0.232 29196.6
0.23 26770.9
0.228 24342.8
0.226 21912.5
0.224 19479.7
0.222 17044.7
0.22 14607.3
0.218 12167.7
0.216 9725.72
0.214 7281.49
0.212 4834.98
0.21 2386.21
0.208 -64.8042
0.206 -2518.05
0.204 -4973.51
0.202 -7431.17
0.2 -9891.01
0.198 -12353
0.196 -14817.2
0.194 -17283.5
0.192 -19752
0.19 -22222.5
0.188 -24695.1
0.186 -27169.8
0.184 -29646.6
0.182 -32125.4
0.18 -34606.2
0.178 -37089
0.176 -39573.8
0.174 -42060.5
0.172 -44549.2
0.17 -47039.8
0.168 -49532.3
0.166 -52026.8
0.164 -54523
0.162 -57021.2
0.16 -59521.1
0.158 -62022.9
0.156 -64526.5
0.154 -67031.8
0.152 -69538.9
0.15 -72047.7
0.148 -74558.3
0.146 -77070.5
0.144 -79584.4
0.142 -82100
0.14 -84617.2
0.138 -87136
0.136 -89656.5
0.134 -92178.5
0.132 -94702.1
0.13 -97227.2
0.128 -99753.9
0.126 -102282
0.124 -104812
0.122 -107343
0.12 -109875
0.118 -112409
0.116 -114945
0.114 -117482
0.112 -120020
0.11 -122559
0.108 -125100
0.106 -127643
0.104 -130186
0.102 -132731
0.1 -135277
0.098 -137825
0.096 -140373
0.094 -142923
0.092 -145474
0.09 -148027
0.088 -150580
0.086 -153135
0.084 -155690
0.082 -158247
0.08 -160805
0.078 -163365
0.076 -165925
0.074 -168486
0.072 -171048
0.07 -173612
0.068 -176176
0.066 -178742
0.064 -181308
0.062 -183876
0.06 -186444
0.058 -189013
0.056 -191584
0.054 -194155
0.052 -196727
0.05 -199300
0.048 -201874
0.046 -204449
0.044 -207025
0.042 -209601
0.04 -212179
0.038 -214757
0.036 -217336
0.034 -219916
0.032 -222497
0.03 -225078
0.028 -227661
0.026 -230244
0.024 -232827
0.022 -235412
0.02 -237997
0.018 -240583
0.016 -243170
0.014 -245757
0.012 -248345
0.01 -250934
0.008 -253523
0.006 -256113
0.004 -258704
0.002 -261295
-9.71445e-17 -263887
-0.002 -266480
-0.004 -269073
-0.006 -271667
-0.008 -274261
-0.01 -276856
-0.012 -279452
-0.014 -282048
-0.016 -284645
-0.018 -287242
-0.02 -289840
-0.022 -292438
-0.024 -295037
-0.026 -297636
-0.028 -300236
-0.03 -302837
-0.032 -305437
-0.034 -308039
-0.036 -310641
-0.038 -313243
-0.04 -315846
-0.042 -318449
-0.044 -321052
-0.046 -323657
-0.048 -326261
-0.05 -328866
-0.052 -331471
-0.054 -334077
-0.056 -336684
-0.058 -339290
-0.06 -341897
-0.062 -344505
-0.064 -347112
-0.066 -349721
-0.068 -352329
-0.07 -354938
-0.072 -357547
-0.074 -360157
-0.076 -362767
-0.078 -365377
-0.08 -367988
-0.082 -370599
-0.084 -373210
-0.086 -375822
-0.088 -378434
-0.09 -381046
-0.092 -383659
-0.094 -386272
-0.096 -388885
-0.098 -391499
-0.1 -394112
-0.102 -396726
-0.104 -399341
-0.106 -401956
-0.108 -404570
-0.11 -407186
-0.112 -409801
-0.114 -412417
-0.116 -415033
-0.118 -417649
-0.12 -420266
-0.122 -422882
-0.124 -425499
-0.126 -428117
-0.128 -430734
-0.13 -433352
-0.132 -435970
-0.134 -438588
-0.136 -441206
-0.138 -443825
-0.14 -446444
-0.142 -449063
-0.144 -451682
-0.146 -454301
-0.148 -456921
-0.15 -459541
-0.152 -462161
-0.154 -464782
-0.156 -467402
-0.158 -470023
-0.16 -472644
-0.162 -475265
-0.164 -477886
-0.166 -480508
-0.168 -483130
-0.17 -485752
-0.172 -488374
-0.174 -490997
-0.176 -493619
-0.178 -496242
-0.18 -498865
-0.182 -501488
-0.184 -504112
-0.186 -506735
-0.188 -509359
-0.19 -511983
-0.192 -514608
-0.194 -517232
-0.196 -519857
-0.198 -522482
-0.2 -525108
-0.202 -527733
-0.204 -530359
-0.206 -532985
-0.208 -535611
-0.21 -538238
-0.212 -540865
-0.214 -543492
-0.216 -546119
-0.218 -548747
-0.22 -551375
-0.222 -554003
-0.224 -556632
-0.226 -559261
-0.228 -561891
-0.23 -564520
-0.232 -567150
-0.234 -569781
-0.236 -572412
-0.238 -575043
-0.24 -577675
-0.242 -580307
-0.244 -582940
-0.246 -585573
-0.248 -588207
-0.25 -590841
-0.252 -593475
-0.254 -596111
-0.256 -598747
-0.258 -601383
-0.26 -604020
-0.262 -606658
-0.264 -609296
-0.266 -611936
-0.268 -614575
-0.27 -617216
-0.272 -619857
-0.274 -622500
-0.276 -625143
-0.278 -627787
-0.28 -630432
-0.282 -633078
-0.284 -635725
-0.286 -638373
-0.288 -641022
-0.29 -643672
-0.292 -646323
-0.294 -648976
-0.296 -651630
-0.298 -654285
-0.3 -656941
-0.302 -659599
-0.304 -662259
-0.306 -664920
-0.308 -667582
-0.31 -670247
-0.312 -672912
-0.314 -675580
-0.316 -678250
-0.318 -680921
-0.32 -683595
-0.322 -686270
-0.324 -688948
-0.326 -691627
-0.328 -694310
-0.33 -696994
-0.332 -699681
-0.334 -702371
-0.336 -705063
-0.338 -707758
-0.34 -710455
-0.342 -713156
-0.344 -715860
-0.346 -718567
-0.348 -721277
-0.35 -723990
-0.352 -726707
-0.354 -729428
-0.356 -732152
-0.358 -734880
-0.36 -737612
-0.362 -740348
-0.364 -743089
-0.366 -745834
-0.368 -748583
-0.37 -751337
-0.372 -754096
-0.374 -756860
-0.376 -759629
-0.378 -762403
-0.38 -765183
-0.382 -767969
-0.384 -770760
-0.386 -773558
-0.388 -776361
-0.39 -779171
-0.392 -781988
-0.394 -784812
-0.396 -787642
-0.398 -790480
-0.4 -793325
-0.402 -796178
-0.404 -799039
-0.406 -801908
-0.408 -804786
-0.41 -807672
-0.412 -810567
-0.414 -813471
-0.416 -816385
-0.418 -819308
-0.42 -822242
-0.422 -825186
-0.424 -828140
-0.426 -831105
-0.428 -834082
-0.43 -837070
-0.432 -840070
-0.434 -843082
-0.436 -846107
-0.438 -849144
-0.44 -852195
-0.442 -855259
-0.444 -858338
-0.446 -861431
-0.448 -864538
-0.45 -867661
-0.452 -870799
-0.454 -873954
-0.456 -877124
-0.458 -880312
-0.46 -883517
-0.462 -886739
-0.464 -889980
-0.466 -893240
-0.468 -896519
-0.47 -899817
-0.472 -903136
-0.474 -906476
-0.476 -909836
-0.478 -913219
-0.48 -916624
-0.482 -920052
-0.484 -923503
-0.486 -926979
-0.488 -930479
-0.49 -934004
-0.492 -937556
-0.494 -941134
-0.496 -944739
-0.498 -948372
-0.5 -952034
-0.502 -955725
-0.504 -959446
-0.506 -963198
-0.508 -966981
-0.51 -970797
-0.512 -974646
-0.514 -978528
-0.516 -982445
-0.518 -986397
-0.52 -990385
-0.522 -994411
-0.524 -998474
-0.526 -1.00258e+06
-0.528 -1.00672e+06
-0.53 -1.0109e+06
-0.532 -1.01513e+06
-0.534 -1.01939e+06
-0.536 -1.0237e+06
-0.538 -1.02806e+06
-0.54 -1.03246e+06
-0.542 -1.0369e+06
-0.544 -1.0414e+06
-0.546 -1.04594e+06
-0.548 -1.05053e+06
-0.55 -1.05517e+06
-0.552 -1.05987e+06
-0.554 -1.06462e+06
-0.556 -1.06942e+06
-0.558 -1.07428e+06
-0.56 -1.07919e+06
-0.562 -1.08416e+06
-0.564 -1.08919e+06
-0.566 -1.09428e+06
-0.568 -1.09944e+06
-0.57 -1.10465e+06
-0.572 -1.10993e+06
-0.574 -1.11528e+06
-0.576 -1.12069e+06
-0.578 -1.12617e+06
-0.58 -1.13172e+06
-0.582 -1.13735e+06
-0.584 -1.14304e+06
-0.586 -1.14881e+06
-0.588 -1.15466e+06
-0.59 -1.16058e+06
-0.592 -1.16658e+06
-0.594 -1.17267e+06
-0.596 -1.17883e+06
-0.598 -1.18508e+06
-0.6 -1.1914e+06
-0.598 -1.13777e+06
-0.596 -1.08809e+06
-0.594 -1.04203e+06
-0.592 -999304
-0.59 -959638
-0.588 -922784
-0.586 -888516
-0.584 -856626
-0.582 -826924
-0.58 -799234
-0.578 -773396
-0.576 -749264
-0.574 -726702
-0.572 -705586
-0.57 -685803
-0.568 -667249
-0.566 -649827
-0.564 -633452
-0.562 -618041
-0.56 -603521
-0.558 -589824
-0.556 -576888
-0.554 -564654
-0.552 -553072
-0.55 -542091
-0.548 -531668
-0.546 -521762
-0.544 -512334
-0.542 -503351
-0.54 -494781
-0.538 -486593
-0.536 -478762
-0.534 -471261
-0.532 -464069
-0.53 -457164
-0.528 -450526
-0.526 -444138
-0.524 -437983
-0.522 -432044
-0.52 -426310
-0.518 -420765
-0.516 -415398
-0.514 -410198
-0.512 -405154
-0.51 -400256
-0.508 -395496
-0.506 -390866
-0.504 -386357
-0.502 -381963
-0.5 -377676
-0.498 -373491
-0.496 -369402
-0.494 -365404
-0.492 -361491
-0.49 -357658
-0.488 -353902
-0.486 -350218
-0.484 -346603
-0.482 -343053
-0.48 -339564
-0.478 -336133
-0.476 -332758
-0.474 -329436
-0.472 -326164
-0.47 -322939
-0.468 -319759
-0.466 -316623
-0.464 -313527
-0.462 -310471
-0.46 -307451
-0.458 -304467
-0.456 -301517
-0.454 -298599
-0.452 -295712
-0.45 -292854
-0.448 -290024
-0.446 -287221
-0.444 -284443
-0.442 -281690
-0.44 -278960
-0.438 -276251
-0.436 -273564
-0.434 -270898
-0.432 -268250
-0.43 -265621
-0.428 -263009
-0.426 -260414
-0.424 -257835
-0.422 -255271
-0.42 -252721
-0.418 -250186
-0.416 -247663
-0.414 -245153
-0.412 -242655
-0.41 -240168
-0.408 -237692
-0.406 -235227
-0.404 -232771
-0.402 -230324
-0.4 -227886
-0.398 -225456
-0.396 -223034
-0.394 -220619
-0.392 -218212
-0.39 -215811
-0.388 -213416
-0.386 -211027
-0.384 -208643
-0.382 -206265
-0.38 -203892
-0.378 -201523
-0.376 -199158
-0.374 -196797
-0.372 -194440
-0.37 -192086
-0.368 -189735
-0.366 -187387
-0.364 -185041
-0.362 -182698
-0.36 -180357
-0.358 -178018
-0.356 -175681
-0.354 -173345
-0.352 -171011
-0.35 -168677
-0.348 -166345
-0.346 -164013
-0.344 -161682
-0.342 -159352
-0.34 -157021
-0.338 -154691
-0.336 -152361
-0.334 -150031
-0.332 -147700
-0.33 -145369
-0.328 -143038
-0.326 -140706
-0.324 -138373
-0.322 -136040
-0.32 -133705
-0.318 -131370
-0.316 -129033
-0.314 -126695
-0.312 -124356
-0.31 -122016
-0.308 -119674
-0.306 -117331
-0.304 -114986
-0.302 -112639
-0.3 -110291
-0.298 -107941
-0.296 -105590
-0.294 -103236
-0.292 -100881
-0.29 -98523.3
-0.288 -96164
-0.286 -93802.6
-0.284 -91439.2
-0.282 -89073.6
-0.28 -86706
-0.278 -84336.2
-0.276 -81964.2
-0.274 -79590.1
-0.272 -77213.6
-0.27 -74835
-0.268 -72454
-0.266 -70070.8
-0.264 -67685.3
-0.262 -65297.5
-0.26 -62907.3
-0.258 -60514.8
-0.256 -58119.9
-0.254 -55722.7
-0.252 -53323.1
-0.25 -50921.1
-0.248 -48516.8
-0.246 -46110.1
-0.244 -43701
-0.242 -41289.5
-0.24 -38875.7
-0.238 -36459.4
-0.236 -34040.8
-0.234 -31619.9
-0.232 -29196.6
-0.23 -26770.9
-0.228 -24342.8
-0.226 -21912.5
-0.224 -19479.7
-0.222 -17044.7
-0.22 -14607.3
-0.218 -12167.7
-0.216 -9725.72
-0.214 -7281.49
-0.212 -4834.98
-0.21 -2386.21
-0.208 64.8042
-0.206 2518.05
-0.204 4973.51
-0.202 7431.17
-0.2 9891.01
-0.198 12353
-0.196 14817.2
-0.194 17283.5
-0.192 19752
-0.19 22222.5
-0.188 24695.1
-0.186 27169.8
-0.184 29646.6
-0.182 32125.4
-0.18 34606.2
-0.178 37089
-0.176 39573.8
-0.174 42060.5
-0.172 44549.2
-0.17 47039.8
-0.168 49532.3
-0.166 52026.8
-0.164 54523
-0.162 57021.2
-0.16 59521.1
-0.158 62022.9
-0.156 64526.5
-0.154 67031.8
-0.152 69538.9
-0.15 72047.7
-0.148 74558.3
-0.146 77070.5
-0.144 79584.4
-0.142 82100
-0.14 84617.2
-0.138 87136
-0.136 89656.5
-0.134 92178.5
-0.132 94702.1
-0.13 97227.2
-0.128 99753.9
-0.126 102282
-0.124 104812
-0.122 107343
-0.12 109875
-0.118 112409
-0.116 114945
-0.114 117482
-0.112 120020
-0.11 122559
-0.108 125100
-0.106 127643
-0.104 130186
-0.102 132731
-0.1 135277
-0.098 137825
-0.096 140373
-0.094 142923
-0.092 145474
-0.09 148027
-0.088 150580
-0.086 153135
-0.084 155690
-0.082 158247
-0.08 160805
-0.078 163365
-0.076 165925
-0.074 168486
-0.072 171048
-0.07 173612
-0.068 176176
-0.066 178742
-0.064 181308
-0.062 183876
-0.06 186444
-0.058 189013
-0.056 191584
-0.054 194155
-0.052 196727
-0.05 199300
-0.048 201874
-0.046 204449
-0.044 207025
-0.042 209601
-0.04 212179
-0.038 214757
-0.036 217336
-0.034 219916
-0.032 222497
-0.03 225078
-0.028 227661
-0.026 230244
-0.024 232827
-0.022 235412
-0.02 237997
-0.018 240583
-0.016 243170
-0.014 245757
-0.012 248345
-0.01 250934
-0.008 253523
-0.006 256113
-0.004 258704
-0.002 261295
-1.38778e-17 263887
0.002 266480
0.004 269073
0.006 271667
0.008 274261
0.01 276856
0.012 279452
0.014 282048
0.016 284645
0.018 287242
0.02 289840
0.022 292438
0.024 295037
0.026 297636
0.028 300236
0.03 302837
0.032 305437
0.034 308039
0.036 310641
0.038 313243
0.04 315846
0.042 318449
0.044 321052
0.046 323657
0.048 326261
0.05 328866
0.052 331471
0.054 334077
0.056 336684
0.058 339290
0.06 341897
0.062 344505
0.064 347112
0.066 349721
0.068 352329
0.07 354938
0.072 357547
0.074 360157
0.076 362767
0.078 365377
0.08 367988
0.082 370599
0.084 373210
0.086 375822
0.088 378434
0.09 381046
0.092 383659
0.094 386272
0.096 388885
0.098 391499
0.1 394112
0.102 396726
0.104 399341
0.106 401956
0.108 404570
0.11 407186
0.112 409801
0.114 412417
0.116 415033
0.118 417649
0.12 420266
0.122 422882
0.124 425499
0.126 428117
0.128 430734
0.13 433352
0.132 435970
0.134 438588
0.136 441206
0.138 443825
0.14 446444
0.142 449063
0.144 451682
0.146 454301
0.148 456921
0.15 459541
0.152 462161
0.154 464782
0.156 467402
0.158 470023
0.16 472644
0.162 475265
0.164 477886
0.166 480508
0.168 483130
0.17 485752
0.172 488374
0.174 490997
0.176 493619
0.178 496242
0.18 498865
0.182 501488
0.184 504112
0.186 506735
0.188 509359
0.19 511983
0.192 514608
0.194 517232
0.196 519857
0.198 522482
0.2 525108
0.202 527733
0.204 530359
0.206 532985
0.208 535611
0.21 538238
0.212 540865
0.214 543492
0.216 546119
0.218 548747
0.22 551375
0.222 554003
0.224 556632
0.226 559261
0.228 561891
0.23 564520
0.232 567150
0.234 569781
0.236 572412
0.238 575043
0.24 577675
0.242 580307
0.244 582940
0.246 585573
0.248 588207
0.25 590841
0.252 593475
0.254 596111
0.256 598747
0.258 601383
0.26 604020
0.262 606658
0.264 609296
0.266 611936
0.268 614575
0.27 617216
0.272 619857
0.274 622500
0.276 625143
0.278 627787
0.28 630432
0.282 633078
0.284 635725
0.286 638373
0.288 641022
0.29 643672
0.292 646323
0.294 648976
0.296 651630
0.298 654285
0.3 656941
0.302 659599
0.304 662259
0.306 664920
0.308 667582
0.31 670247
0.312 672912
0.314 675580
0.316 678250
0.318 680921
0.32 683595
0.322 686270
0.324 688948
0.326 691627
0.328 694310
0.33 696994
0.332 699681
0.334 702371
0.336 705063
0.338 707758
0.34 710455
0.342 713156
0.344 715860
0.346 718567
0.348 721277
0.35 723990
0.352 726707
0.354 729428
0.356 732152
0.358 734880
0.36 737612
0.362 740348
0.364 743089
0.366 745834
0.368 748583
0.37 751337
0.372 754096
0.374 756860
0.376 759629
0.378 762403
0.38 765183
0.382 767969
0.384 770760
0.386 773558
0.388 776361
0.39 779171
0.392 781988
0.394 784812
0.396 787642
0.398 790480
0.4 793325
0.402 796178
0.404 799039
0.406 801908
0.408 804786
0.41 807672
0.412 810567
0.414 813471
0.416 816385
0.418 819308
0.42 822242
0.422 825186
0.424 828140
0.426 831105
0.428 834082
0.43 837070
0.432 840070
0.434 843082
0.436 846107
0.438 849144
0.44 852195
0.442 855259
0.444 858338
0.446 861431
0.448 864538
0.45 867661
0.452 870799
0.454 873954
0.456 877124
0.458 880312
0.46 883517
0.462 886739
0.464 889980
0.466 893240
0.468 896519
0.47 899817
0.472 903136
0.474 906476
0.476 909836
0.478 913219
0.48 916624
0.482 920052
0.484 923503
0.486 926979
0.488 930479
0.49 934004
0.492 937556
0.494 941134
0.496 944739
0.498 948372
0.5 952034
0.502 955725
0.504 959446
0.506 963198
0.508 966981
0.51 970797
0.512 974646
0.514 978528
0.516 982445
0.518 986397
0.52 990385
0.522 994411
0.524 998474
0.526 1.00258e+06
0.528 1.00672e+06
0.53 1.0109e+06
0.532 1.01513e+06
0.534 1.01939e+06
0.536 1.0237e+06
0.538 1.02806e+06
0.54 1.03246e+06
0.542 1.0369e+06
0.544 1.0414e+06
0.546 1.04594e+06
0.548 1.05053e+06
0.55 1.05517e+06
0.552 1.05987e+06
0.554 1.06462e+06
0.556 1.06942e+06
0.558 1.07428e+06
0.56 1.07919e+06
0.562 1.08416e+06
0.564 1.08919e+06
0.566 1.09428e+06
0.568 1.09944e+06
0.57 1.10465e+06
0.572 1.10993e+06
0.574 1.11528e+06
0.576 1.12069e+06
0.578 1.12617e+06
0.58 1.13172e+06
0.582 1.13735e+06
0.584 1.14304e+06
0.586 1.14881e+06
0.588 1.15466e+06
0.59 1.16058e+06
0.592 1.16658e+06
0.594 1.17267e+06
0.596 1.17883e+06
0.598 1.18508e+06
0.6 1.19141e+06
0.602 1.19544e+06
0.604 1.19948e+06
0.606 1.20355e+06
0.608 1.20763e+06
0.61 1.21172e+06
0.612 1.21583e+06
0.614 1.21996e+06
0.616 1.22411e+06
0.618 1.22826e+06
0.62 1.23244e+06
0.622 1.23663e+06
0.624 1.24084e+06
0.626 1.24507e+06
0.628 1.24931e+06
0.63 1.25357e+06
0.632 1.25784e+06
0.634 1.26213e+06
0.636 1.26644e+06
0.638 1.27077e+06
0.64 1.27511e+06
0.642 1.27948e+06
0.644 1.28385e+06
0.646 1.28825e+06
0.648 1.29266e+06
0.65 1.29709e+06
0.652 1.30154e+06
0.654 1.30601e+06
0.656 1.31049e+06
0.658 1.315e+06
0.66 1.31952e+06
0.662 1.32405e+06
0.664 1.32861e+06
0.666 1.33319e+06
0.668 1.33778e+06
0.67 1.34239e+06
0.672 1.34702e+06
0.674 1.35167e+06
0.676 1.35634e+06
0.678 1.36103e+06
0.68 1.36574e+06
0.682 1.37046e+06
0.684 1.37521e+06
0.686 1.37997e+06
0.688 1.38476e+06
0.69 1.38956e+06
0.692 1.39438e+06
0.694 1.39923e+06
0.696 1.40409e+06
0.698 1.40897e+06
0.7 1.41387e+06
0.702 1.41879e+06
0.704 1.42374e+06
0.706 1.4287e+06
0.708 1.43368e+06
0.71 1.43869e+06
0.712 1.44371e+06
0.714 1.44875e+06
0.716 1.45382e+06
0.718 1.45891e+06
0.72 1.46401e+06
0.722 1.46914e+06
0.724 1.47429e+06
0.726 1.47946e+06
0.728 1.48465e+06
0.73 1.48986e+06
0.732 1.4951e+06
0.734 1.50035e+06
0.736 1.50563e+06
0.738 1.51093e+06
0.74 1.51625e+06
0.742 1.52159e+06
0.744 1.52696e+06
0.746 1.53235e+06
0.748 1.53776e+06
0.75 1.54319e+06
0.752 1.54864e+06
0.754 1.55412e+06
0.756 1.55962e+06
0.758 1.56514e+06
0.76 1.57068e+06
0.762 1.57625e+06
0.764 1.58184e+06
0.766 1.58745e+06
0.768 1.59309e+06
0.77 1.59875e+06
0.772 1.60443e+06
0.774 1.61014e+06
0.776 1.61586e+06
0.778 1.62162e+06
0.78 1.62739e+06
0.782 1.6332e+06
0.784 1.63902e+06
0.786 1.64487e+06
0.788 1.65074e+06
0.79 1.65664e+06
0.792 1.66256e+06
0.794 1.6685e+06
0.796 1.67447e+06
0.798 1.68046e+06
0.8 1.68648e+06
0.798 1.63424e+06
0.796 1.58452e+06
0.794 1.53718e+06
0.792 1.49209e+06
0.79 1.44912e+06
0.788 1.40814e+06
0.786 1.36906e+06
0.784 1.33175e+06
0.782 1.29612e+06
0.78 1.26208e+06
0.778 1.22954e+06
0.776 1.19841e+06
0.774 1.16863e+06
0.772 1.14012e+06
0.77 1.11281e+06
0.768 1.08663e+06
0.766 1.06153e+06
0.764 1.03744e+06
0.762 1.01433e+06
0.76 992127
0.758 970795
0.756 950287
0.754 930563
0.752 911581
0.75 893306
0.748 875702
0.746 858737
0.744 842379
0.742 826600
0.74 811372
0.738 796668
0.736 782465
0.734 768739
0.732 755468
0.73 742632
0.728 730211
0.726 718187
0.724 706542
0.722 695260
0.72 684325
0.718 673722
0.716 663437
0.714 653457
0.712 643770
0.71 634364
0.708 625226
0.706 616347
0.704 607716
0.702 599323
0.7 591160
0.698 583217
0.696 575486
0.694 567959
0.692 560629
0.69 553488
0.688 546529
0.686 539746
0.684 533133
0.682 526683
0.68 520391
0.678 514251
0.676 508259
0.674 502408
0.672 496695
0.67 491115
0.668 485662
0.666 480334
0.664 475125
0.662 470033
0.66 465053
0.658 460181
0.656 455415
0.654 450751
0.652 446185
0.65 441715
0.648 437337
0.646 433049
0.644 428848
0.642 424732
0.64 420697
0.638 416741
0.636 412862
0.634 409057
0.632 405325
0.63 401662
0.628 398068
0.626 394539
0.624 391074
0.622 387671
0.62 384329
0.618 381044
0.616 377816
0.614 374643
0.612 371523
0.61 368455
0.608 365437
0.606 362467
0.604 359545
0.602 356668
0.6 353835
0.598 351046
0.596 348297
0.594 345590
0.592 342921
0.59 340291
0.588 337697
0.586 335138
0.584 332614
0.582 330124
0.58 327666
0.578 325239
0.576 322843
0.574 320476
0.572 318137
0.57 315826
0.568 313541
0.566 311282
0.564 309048
0.562 306838
0.56 304652
0.558 302487
0.556 300344
0.554 298223
0.552 296121
0.55 294039
0.548 291975
0.546 289930
0.544 287902
0.542 285890
0.54 283895
0.538 281915
0.536 279951
0.534 278000
0.532 276064
0.53 274140
0.528 272229
0.526 270331
0.524 268444
0.522 266568
0.52 264702
0.518 262847
0.516 261002
0.514 259166
0.512 257338
0.51 255519
0.508 253708
0.506 251904
0.504 250108
0.502 248318
0.5 246535
0.498 244758
0.496 242986
0.494 241220
0.492 239458
0.49 237702
0.488 235949
0.486 234201
0.484 232456
0.482 230715
0.48 228977
0.478 227241
0.476 225509
0.474 223778
0.472 222050
0.47 220323
0.468 218598
0.466 216875
0.464 215152
0.462 213430
0.46 211709
0.458 209989
0.456 208268
0.454 206548
0.452 204828
0.45 203107
0.448 201386
0.446 199664
0.444 197941
0.442 196217
0.44 194492
0.438 192766
0.436 191038
0.434 189309
0.432 187578
0.43 185845
0.428 184110
0.426 182373
0.424 180633
0.422 178892
0.42 177148
0.418 175401
0.416 173651
0.414 171899
0.412 170144
0.41 168386
0.408 166624
0.406 164860
0.404 163092
0.402 161321
0.4 159547
0.398 157769
0.396 155988
0.394 154203
0.392 152414
0.39 150622
0.388 148826
0.386 147026
0.384 145222
0.382 143414
0.38 141603
0.378 139787
0.376 137967
0.374 136143
0.372 134315
0.37 132482
0.368 130646
0.366 128805
0.364 126960
0.362 125111
0.36 123257
0.358 121399
0.356 119536
0.354 117669
0.352 115798
0.35 113922
0.348 112042
0.346 110157
0.344 108268
0.342 106375
0.34 104477
0.338 102574
0.336 100667
0.334 98755.4
0.332 96839.3
0.33 94918.7
0.328 92993.5
0.326 91063.9
0.324 89129.7
0.322 87191
0.32 85247.9
0.318 83300.2
0.316 81348
0.314 79391.4
0.312 77430.3
0.31 75464.7
0.308 73494.6
0.306 71520.1
0.304 69541.2
0.302 67557.8
0.3 65570.1
0.298 63577.9
0.296 61581.4
0.294 59580.4
0.292 57575.2
0.29 55565.6
0.288 53551.7
0.286 51533.4
0.284 49510.9
0.282 47484.2
0.28 45453.2
0.278 43417.9
0.276 41378.5
0.274 39334.9
0.272 37287.1
0.27 35235.2
0.268 33179.1
0.266 31119
0.264 29054.8
0.262 26986.6
0.26 24914.3
0.258 22838
0.256 20757.7
0.254 18673.5
0.252 16585.4
0.25 14493.3
0.248 12397.4
0.246 10297.6
0.244 8194.04
0.242 6086.63
0.24 3975.44
0.238 1860.5
0.236 -258.159
0.234 -2380.52
0.232 -4506.55
0.23 -6636.23
0.228 -8769.53
0.226 -10906.4
0.224 -13046.9
0.222 -15190.9
0.22 -17338.4
0.218 -19489.4
0.216 -21643.8
0.214 -23801.7
0.212 -25963
0.21 -28127.6
0.208 -30295.6
0.206 -32466.9
0.204 -34641.6
0.202 -36819.4
0.2 -39000.6
0.198 -41184.9
0.196 -43372.4
0.194 -45563.1
0.192 -47756.9
0.19 -49953.9
0.188 -52153.9
0.186 -54356.9
0.184 -56563
0.182 -58772.1
0.18 -60984.1
0.178 -63199.1
0.176 -65417.1
0.174 -67637.9
0.172 -69861.5
0.17 -72088.1
0.168 -74317.4
0.166 -76549.5
0.164 -78784.4
0.162 -81022
0.16 -83262.4
0.158 -85505.4
0.156 -87751.1
0.154 -89999.4
0.152 -92250.3
0.15 -94503.8
0.148 -96759.9
0.146 -99018.5
0.144 -101280
0.142 -103543
0.14 -105809
0.138 -108078
0.136 -110349
0.134 -112622
0.132 -114898
0.13 -117176
0.128 -119456
0.126 -121739
0.124 -124024
0.122 -126311
0.12 -128601
0.118 -130892
0.116 -133186
0.114 -135482
0.112 -137780
0.11 -140081
0.108 -142383
0.106 -144687
0.104 -146994
0.102 -149302
0.1 -151613
0.098 -153926
0.096 -156240
0.094 -158557
0.092 -160875
0.09 -163195
0.088 -165518
0.086 -167842
0.084 -170168
0.082 -172496
0.08 -174825
0.078 -177157
0.076 -179490
0.074 -181825
0.072 -184161
0.07 -186500
0.068 -188840
0.066 -191182
0.064 -193525
0.062 -195870
0.06 -198217
0.058 -200565
0.056 -202915
0.054 -205267
0.052 -207620
0.05 -209975
0.048 -212331
0.046 -214689
0.044 -217048
0.042 -219408
0.04 -221771
0.038 -224134
0.036 -226499
0.034 -228866
0.032 -231233
0.03 -233603
0.028 -235973
0.026 -238345
0.024 -240719
0.022 -243093
0.02 -245469
0.018 -247846
0.016 -250225
0.014 -252605
0.012 -254986
0.01 -257368
0.008 -259752
0.006 -262136
0.004 -264522
0.002 -266909
-9.71445e-17 -269298
-0.002 -271687
-0.004 -274078
-0.006 -276469
-0.008 -278862
-0.01 -281256
-0.012 -283651
-0.014 -286047
-0.016 -288445
-0.018 -290843
-0.02 -293242
-0.022 -295642
-0.024 -298044
-0.026 -300446
-0.028 -302850
-0.03 -305254
-0.032 -307659
-0.034 -310066
-0.036 -312473
-0.038 -314881
-0.04 -317290
-0.042 -319701
-0.044 -322112
-0.046 -324523
-0.048 -326936
-0.05 -329350
-0.052 -331764
-0.054 -334180
-0.056 -336596
-0.058 -339013
-0.06 -341431
-0.062 -343850
-0.064 -346270
-0.066 -348690
-0.068 -351111
-0.07 -353533
-0.072 -355956
-0.074 -358379
-0.076 -360804
-0.078 -363229
-0.08 -365654
-0.082 -368081
-0.084 -370508
-0.086 -372936
-0.088 -375365
-0.09 -377794
-0.092 -380224
-0.094 -382655
-0.096 -385086
-0.098 -387518
-0.1 -389951
-0.102 -392384
-0.104 -394818
-0.106 -397253
-0.108 -399688
-0.11 -402124
-0.112 -404561
-0.114 -406998
-0.116 -409435
-0.118 -411874
-0.12 -414313
-0.122 -416752
-0.124 -419192
-0.126 -421633
-0.128 -424074
-0.13 -426516
-0.132 -428958
-0.134 -431401
-0.136 -433844
-0.138 -436288
-0.14 -438732
-0.142 -441177
-0.144 -443623
-0.146 -446069
-0.148 -448515
-0.15 -450962
-0.152 -453409
-0.154 -455857
-0.156 -458306
-0.158 -460755
-0.16 -463204
-0.162 -465654
-0.164 -468104
-0.166 -470555
-0.168 -473006
-0.17 -475457
-0.172 -477909
-0.174 -480362
-0.176 -482815
-0.178 -485268
-0.18 -487722
-0.182 -490176
-0.184 -492631
-0.186 -495086
-0.188 -497541
-0.19 -499997
-0.192 -502453
-0.194 -504910
-0.196 -507367
-0.198 -509824
-0.2 -512282
-0.202 -514741
-0.204 -517199
-0.206 -519658
-0.208 -522118
-0.21 -524577
-0.212 -527038
-0.214 -529498
-0.216 -531959
-0.218 -534420
-0.22 -536882
-0.222 -539344
-0.224 -541807
-0.226 -544269
-0.228 -546733
-0.23 -549196
-0.232 -551660
-0.234 -554125
-0.236 -556589
-0.238 -559054
-0.24 -561520
-0.242 -563986
-0.244 -566452
-0.246 -568919
-0.248 -571386
-0.25 -573853
-0.252 -576321
-0.254 -578790
-0.256 -581258
-0.258 -583727
-0.26 -586197
-0.262 -588667
-0.264 -591137
-0.266 -593608
-0.268 -596079
-0.27 -598551
-0.272 -601023
-0.274 -603496
-0.276 -605969
-0.278 -608442
-0.28 -610916
-0.282 -613391
-0.284 -615866
-0.286 -618342
-0.288 -620818
-0.29 -623294
-0.292 -625771
-0.294 -628249
-0.296 -630727
-0.298 -633206
-0.3 -635686
-0.302 -638166
-0.304 -640647
-0.306 -643128
-0.308 -645610
-0.31 -648093
-0.312 -650576
-0.314 -653060
-0.316 -655545
-0.318 -658030
-0.32 -660517
-0.322 -663004
-0.324 -665492
-0.326 -667980
-0.328 -670470
-0.33 -672960
-0.332 -675452
-0.334 -677944
-0.336 -680437
-0.338 -682931
-0.34 -685427
-0.342 -687923
-0.344 -690420
-0.346 -692919
-0.348 -695418
-0.35 -697919
-0.352 -700421
-0.354 -702924
-0.356 -705428
-0.358 -707934
-0.36 -710441
-0.362 -712950
-0.364 -715459
-0.366 -717971
-0.368 -720484
-0.37 -722998
-0.372 -725514
-0.374 -728032
-0.376 -730551
-0.378 -733072
-0.38 -735595
-0.382 -738120
-0.384 -740646
-0.386 -743175
-0.388 -745705
-0.39 -748238
-0.392 -750773
-0.394 -753310
-0.396 -755849
-0.398 -758390
-0.4 -760934
-0.402 -763481
-0.404 -766030
-0.406 -768581
-0.408 -771135
-0.41 -773692
-0.412 -776252
-0.414 -778815
-0.416 -781381
-0.418 -783949
-0.42 -786521
-0.422 -789096
-0.424 -791675
-0.426 -794257
-0.428 -796842
-0.43 -799431
-0.432 -802024
-0.434 -804620
-0.436 -807221
-0.438 -809825
-0.44 -812434
-0.442 -815047
-0.444 -817664
-0.446 -820286
-0.448 -822913
-0.45 -825544
-0.452 -828180
-0.454 -830821
-0.456 -833467
-0.458 -836118
-0.46 -838774
-0.462 -841437
-0.464 -844104
-0.466 -846778
-0.468 -849458
-0.47 -852143
-0.472 -854835
-0.474 -857534
-0.476 -860239
-0.478 -862950
-0.48 -865669
-0.482 -868395
-0.484 -871128
-0.486 -873868
-0.488 -876616
-0.49 -879372
-0.492 -882136
-0.494 -884908
-0.496 -887689
-0.498 -890478
-0.5 -893276
-0.502 -896083
-0.504 -898899
-0.506 -901725
-0.508 -904561
-0.51 -907406
-0.512 -910261
-0.514 -913127
-0.516 -916004
-0.518 -918892
-0.52 -921790
-0.522 -924700
-0.524 -927622
-0.526 -930556
-0.528 -933502
-0.53 -936460
-0.532 -939432
-0.534 -942416
-0.536 -945414
-0.538 -948425
-0.54 -951450
-0.542 -954490
-0.544 -957544
-0.546 -960614
-0.548 -963698
-0.55 -966798
-0.552 -969914
-0.554 -973047
-0.556 -976196
-0.558 -979362
-0.56 -982545
-0.562 -985746
-0.564 -988966
-0.566 -992204
-0.568 -995461
-0.57 -998737
-0.572 -1.00203e+06
-0.574 -1.00535e+06
-0.576 -1.00869e+06
-0.578 -1.01204e+06
-0.58 -1.01542e+06
-0.582 -1.01882e+06
-0.584 -1.02225e+06
-0.586 -1.02569e+06
-0.588 -1.02916e+06
-0.59 -1.03266e+06
-0.592 -1.03618e+06
-0.594 -1.03972e+06
-0.596 -1.04329e+06
-0.598 -1.04688e+06
-0.6 -1.0505e+06
-0.602 -1.05415e+06
-0.604 -1.05782e+06
-0.606 -1.06152e+06
-0.608 -1.06525e+06
-0.61 -1.06901e+06
-0.612 -1.0728e+06
-0.614 -1.07662e+06
-0.616 -1.08047e+06
-0.618 -1.08435e+06
-0.62 -1.08827e+06
-0.622 -1.09222e+06
-0.624 -1.0962e+06
-0.626 -1.10021e+06
-0.628 -1.10426e+06
-0.63 -1.10834e+06
-0.632 -1.11246e+06
-0.634 -1.11662e+06
-0.636 -1.12081e+06
-0.638 -1.12504e+06
-0.64 -1.12932e+06
-0.642 -1.13363e+06
-0.644 -1.13798e+06
-0.646 -1.14237e+06
-0.648 -1.1468e+06
-0.65 -1.15128e+06
-0.652 -1.1558e+06
-0.654 -1.16036e+06
-0.656 -1.16497e+06
-0.658 -1.16962e+06
-0.66 -1.17433e+06
-0.662 -1.17907e+06
-0.664 -1.18387e+06
-0.666 -1.18872e+06
-0.668 -1.19361e+06
-0.67 -1.19856e+06
-0.672 -1.20356e+06
-0.674 -1.20862e+06
-0.676 -1.21372e+06
-0.678 -1.21888e+06
-0.68 -1.2241e+06
-0.682 -1.22938e+06
-0.684 -1.23471e+06
-0.686 -1.2401e+06
-0.688 -1.24555e+06
-0.69 -1.25106e+06
-0.692 -1.25664e+06
-0.694 -1.26227e+06
-0.696 -1.26798e+06
-0.698 -1.27374e+06
-0.7 -1.27958e+06
-0.702 -1.28548e+06
-0.704 -1.29145e+06
-0.706 -1.29749e+06
-0.708 -1.3036e+06
-0.71 -1.30978e+06
-0.712 -1.31604e+06
-0.714 -1.32237e+06
-0.716 -1.32878e+06
-0.718 -1.33527e+06
-0.72 -1.34183e+06
-0.722 -1.34848e+06
-0.724 -1.3552e+06
-0.726 -1.36201e+06
-0.728 -1.36891e+06
-0.73 -1.37588e+06
-0.732 -1.38295e+06
-0.734 -1.39011e+06
-0.736 -1.39735e+06
-0.738 -1.40469e+06
-0.74 -1.41211e+06
-0.742 -1.41964e+06
-0.744 -1.42726e+06
-0.746 -1.43497e+06
-0.748 -1.44279e+06
-0.75 -1.45071e+06
-0.752 -1.45873e+06
-0.754 -1.46685e+06
-0.756 -1.47508e+06
-0.758 -1.48341e+06
-0.76 -1.49186e+06
-0.762 -1.50041e+06
-0.764 -1.50908e+06
-0.766 -1.51787e+06
-0.768 -1.52677e+06
-0.77 -1.53578e+06
-0.772 -1.54492e+06
-0.774 -1.55418e+06
-0.776 -1.56356e+06
-0.778 -1.57307e+06
-0.78 -1.5827e+06
-0.782 -1.59247e+06
-0.784 -1.60237e+06
-0.786 -1.6124e+06
-0.788 -1.62256e+06
-0.79 -1.63286e+06
-0.792 -1.64331e+06
-0.794 -1.65389e+06
-0.796 -1.66462e+06
-0.798 -1.6755e+06
-0.8 -1.68648e+06
-0.798 -1.63424e+06
-0.796 -1.58452e+06
-0.794 -1.53718e+06
-0.792 -1.49209e+06
-0.79 -1.44912e+06
-0.788 -1.40814e+06
-0.786 -1.36906e+06
-0.784 -1.33175e+06
-0.782 -1.29612e+06
-0.78 -1.26208e+06
-0.778 -1.22954e+06
-0.776 -1.19841e+06
-0.774 -1.16863e+06
-0.772 -1.14012e+06
-0.77 -1.11281e+06
-0.768 -1.08663e+06
-0.766 -1.06153e+06
-0.764 -1.03744e+06
-0.762 -1.01433e+06
-0.76 -992127
-0.758 -970795
-0.756 -950287
-0.754 -930563
-0.752 -911581
-0.75 -893306
-0.748 -875702
-0.746 -858737
-0.744 -842379
-0.742 -826600
-0.74 -811372
-0.738 -796668
-0.736 -782465
-0.734 -768739
-0.732 -755468
-0.73 -742632
-0.728 -730211
-0.726 -718187
-0.724 -706542
-0.722 -695260
-0.72 -684325
-0.718 -673722
-0.716 -663437
-0.714 -653457
-0.712 -643770
-0.71 -634364
-0.708 -625226
-0.706 -616347
-0.704 -607716
-0.702 -599323
-0.7 -591160
-0.698 -583217
-0.696 -575486
-0.694 -567959
-0.692 -560629
-0.69 -553488
-0.688 -546529
-0.686 -539746
-0.684 -533133
-0.682 -526683
-0.68 -520391
-0.678 -514251
-0.676 -508259
-0.674 -502408
-0.672 -496695
-0.67 -491115
-0.668 -485662
-0.666 -480334
-0.664 -475125
-0.662 -470033
-0.66 -465053
-0.658 -460181
-0.656 -455415
-0.654 -450751
-0.652 -446185
-0.65 -441715
-0.648 -437337
-0.646 -433049
-0.644 -428848
-0.642 -424732
-0.64 -420697
-0.638 -416741
-0.636 -412862
-0.634 -409057
-0.632 -405325
-0.63 -401662
-0.628 -398068
-0.626 -394539
-0.624 -391074
-0.622 -387671
-0.62 -384329
-0.618 -381044
-0.616 -377816
-0.614 -374643
-0.612 -371523
-0.61 -368455
-0.608 -365437
-0.606 -362467
-0.604 -359545
-0.602 -356668
-0.6 -353835
-0.598 -351046
-0.596 -348297
-0.594 -345590
-0.592 -342921
-0.59 -340291
-0.588 -337697
-0.586 -335138
-0.584 -332614
-0.582 -330124
-0.58 -327666
-0.578 -325239
-0.576 -322843
-0.574 -320476
-0.572 -318137
-0.57 -315826
-0.568 -313541
-0.566 -311282
-0.564 -309048
-0.562 -306838
-0.56 -304652
-0.558 -302487
-0.556 -300344
-0.554 -298223
-0.552 -296121
-0.55 -294039
-0.548 -291975
-0.546 -289930
-0.544 -287902
-0.542 -285890
-0.54 -283895
-0.538 -281915
-0.536 -279951
-0.534 -278000
-0.532 -276064
-0.53 -274140
-0.528 -272229
-0.526 -270331
-0.524 -268444
-0.522 -266568
-0.52 -264702
-0.518 -262847
-0.516 -261002
-0.514 -259166
-0.512 -257338
-0.51 -255519
-0.508 -253708
-0.506 -251904
-0.504 -250108
-0.502 -248318
-0.5 -246535
-0.498 -244758
-0.496 -242986
-0.494 -241220
-0.492 -239458
-0.49 -237702
-0.488 -235949
-0.486 -234201
-0.484 -232456
-0.482 -230715
-0.48 -228977
-0.478 -227241
-0.476 -225509
-0.474 -223778
-0.472 -222050
-0.47 -220323
-0.468 -218598
-0.466 -216875
-0.464 -215152
-0.462 -213430
-0.46 -211709
-0.458 -209989
-0.456 -208268
-0.454 -206548
-0.452 -204828
-0.45 -203107
-0.448 -201386
-0.446 -199664
-0.444 -197941
-0.442 -196217
-0.44 -194492
-0.438 -192766
-0.436 -191038
-0.434 -189309
-0.432 -187578
-0.43 -185845
-0.428 -184110
-0.426 -182373
-0.424 -180633
-0.422 -178892
-0.42 -177148
-0.418 -175401
-0.416 -173651
-0.414 -171899
-0.412 -170144
-0.41 -168386
-0.408 -166624
-0.406 -164860
-0.404 -163092
-0.402 -161321
-0.4 -159547
-0.398 -157769
-0.396 -155988
-0.394 -154203
-0.392 -152414
-0.39 -150622
-0.388 -148826
-0.386 -147026
-0.384 -145222
-0.382 -143414
-0.38 -141603
-0.378 -139787
-0.376 -137967
-0.374 -136143
-0.372 -134315
-0.37 -132482
-0.368 -130646
-0.366 -128805
-0.364 -126960
-0.362 -125111
-0.36 -123257
-0.358 -121399
-0.356 -119536
-0.354 -117669
-0.352 -115798
-0.35 -113922
-0.348 -112042
-0.346 -110157
-0.344 -108268
-0.342 -106375
-0.34 -104477
-0.338 -102574
-0.336 -100667
-0.334 -98755.4
-0.332 -96839.3
-0.33 -94918.7
-0.328 -92993.5
-0.326 -91063.9
-0.324 -89129.7
-0.322 -87191
-0.32 -85247.9
-0.318 -83300.2
-0.316 -81348
-0.314 -79391.4
-0.312 -77430.3
-0.31 -75464.7
-0.308 -73494.6
-0.306 -71520.1
-0.304 -69541.2
-0.302 -67557.8
-0.3 -65570.1
-0.298 -63577.9
-0.296 -61581.4
-0.294 -59580.4
-0.292 -57575.2
-0.29 -55565.6
-0.288 -53551.7
-0.286 -51533.4
-0.284 -49510.9
-0.282 -47484.2
-0.28 -45453.2
-0.278 -43417.9
-0.276 -41378.5
-0.274 -39334.9
-0.272 -37287.1
-0.27 -35235.2
-0.268 -33179.1
-0.266 -31119
-0.264 -29054.8
-0.262 -26986.6
-0.26 -24914.3
-0.258 -22838
-0.256 -20757.7
-0.254 -18673.5
-0.252 -16585.4
-0.25 -14493.3
-0.248 -12397.4
-0.246 -10297.6
-0.244 -8194.04
-0.242 -6086.63
-0.24 -3975.44
-0.238 -1860.5
-0.236 258.159
-0.234 2380.52
-0.232 4506.55
-0.23 6636.23
-0.228 8769.53
-0.226 10906.4
-0.224 13046.9
-0.222 15190.9
-0.22 17338.4
-0.218 19489.4
-0.216 21643.8
-0.214 23801.7
-0.212 25963
-0.21 28127.6
-0.208 30295.6
-0.206 32466.9
-0.204 34641.6
-0.202 36819.4
-0.2 39000.6
-0.198 41184.9
-0.196 43372.4
-0.194 45563.1
-0.192 47756.9
-0.19 49953.9
-0.188 52153.9
-0.186 54356.9
-0.184 56563
-0.182 58772.1
-0.18 60984.1
-0.178 63199.1
-0.176 65417.1
-0.174 67637.9
-0.172 69861.5
-0.17 72088.1
-0.168 74317.4
-0.166 76549.5
-0.164 78784.4
-0.162 81022
-0.16 83262.4
-0.158 85505.4
-0.156 87751.1
-0.154 89999.4
-0.152 92250.3
-0.15 94503.8
-0.148 96759.9
-0.146 99018.5
-0.144 101280
-0.142 103543
-0.14 105809
-0.138 108078
-0.136 110349
-0.134 112622
-0.132 114898
-0.13 117176
-0.128 119456
-0.126 121739
-0.124 124024
-0.122 126311
-0.12 128601
-0.118 130892
-0.116 133186
-0.114 135482
-0.112 137780
-0.11 140081
-0.108 142383
-0.106 144687
-0.104 146994
-0.102 149302
-0.1 151613
-0.098 153926
-0.096 156240
-0.094 158557
-0.092 160875
-0.09 163195
-0.088 165518
-0.086 167842
-0.084 170168
-0.082 172496
-0.08 174825
-0.078 177157
-0.076 179490
-0.074 181825
-0.072 184161
-0.07 186500
-0.068 188840
-0.066 191182
-0.064 193525
-0.062 195870
-0.06 198217
-0.058 200565
-0.056 202915
-0.054 205267
-0.052 207620
-0.05 209975
-0.048 212331
-0.046 214689
-0.044 217048
-0.042 219408
-0.04 221771
-0.038 224134
-0.036 226499
-0.034 228866
-0.032 231233
-0.03 233603
-0.028 235973
-0.026 238345
-0.024 240719
-0.022 243093
-0.02 245469
-0.018 247846
-0.016 250225
-0.014 252605
-0.012 254986
-0.01 257368
-0.008 259752
-0.006 262136
-0.004 264522
-0.002 266909
-1.38778e-17 269298
