0 0
0.01 22632.5
0.02 45265
0.03 67897.6
0.04 90530.1
0.05 113163
0.06 126253
0.07 138494
0.08 150054
0.09 161049
0.1 171565
0.11 181669
0.12 191411
0.13 200834
0.14 209971
0.15 218850
0.16 227497
0.17 235929
0.18 244166
0.19 252221
0.2 260109
0.21 267841
0.22 275427
0.23 282876
0.24 290197
0.25 297397
0.26 304483
0.27 311460
0.28 318336
0.29 325113
0.3 331798
0.31 338394
0.32 344906
0.33 351337
0.34 357691
0.35 363970
0.36 370178
0.37 376318
0.38 382391
0.39 388401
0.4 394350
0.41 400240
0.42 406072
0.43 411849
0.44 417573
0.45 423245
0.46 428867
0.47 434440
0.48 439966
0.49 445446
0.5 450882
0.51 456274
0.52 461625
0.53 466934
0.54 472204
0.55 477434
0.56 482627
0.57 487783
0.58 492902
0.59 497987
0.6 503037
0.61 508054
0.62 513038
0.63 517990
0.64 522911
0.65 527801
0.66 532661
0.67 537492
0.68 542293
0.69 547067
0.7 551814
0.71 556533
0.72 561226
0.73 565892
0.74 570534
0.75 575150
0.76 579742
0.77 584309
0.78 588854
0.79 593374
0.8 597872
0.81 602348
0.82 606801
0.83 611233
0.84 615644
0.85 620034
0.86 624403
0.87 628752
0.88 633081
0.89 637390
0.9 641680
0.91 645951
0.92 650203
0.93 654437
0.94 658653
0.95 662850
0.96 667031
0.97 671193
0.98 675339
0.99 679468
1 683580
0.99 638432
0.98 596537
0.97 557638
0.96 521495
0.95 487890
0.94 456620
0.93 427499
0.92 400356
0.91 375034
0.9 351388
0.89 329284
0.88 308600
0.87 289223
0.86 271048
0.85 253981
0.84 237932
0.83 222821
0.82 208573
0.81 195119
0.8 182397
0.79 170347
0.78 158917
0.77 148057
0.76 137722
0.75 127870
0.74 118462
0.73 109463
0.72 100841
0.71 92565.9
0.7 84609.4
0.69 76946.5
0.68 69553.8
0.67 62409.8
0.66 55494.8
0.65 48790.5
0.64 42280.2
0.63 35948.3
0.62 29780.7
0.61 23764.3
0.6 17887.2
0.59 12138.1
0.58 6506.87
0.57 984.203
0.56 -4438.59
0.55 -9769.45
0.54 -15015.7
0.53 -20184.1
0.52 -25280.8
0.51 -30311.5
0.5 -35281.5
0.49 -40195.6
0.48 -45058.3
0.47 -49873.6
0.46 -54645.3
0.45 -59377
0.44 -64071.7
0.43 -68732.5
0.42 -73361.9
0.41 -77962.6
0.4 -82536.8
0.39 -87086.6
0.38 -91614
0.37 -96120.7
0.36 -100608
0.35 -105079
0.34 -109533
0.33 -113972
0.32 -118398
0.31 -122811
0.3 -127212
0.29 -131603
0.28 -135984
0.27 -140356
0.26 -144720
0.25 -149076
0.24 -153425
0.23 -157768
0.22 -162105
0.21 -166436
0.2 -170762
0.19 -175084
0.18 -179401
0.17 -183714
0.16 -188024
0.15 -192330
0.14 -196634
0.13 -200934
0.12 -205232
0.11 -209527
0.1 -213821
0.09 -218112
0.08 -222401
0.07 -226689
0.06 -230975
0.05 -235260
0.04 -239543
0.03 -243825
0.02 -248106
0.01 -252386
-8.50015e-17 -256665
-0.01 -260943
-0.02 -265221
-0.03 -269497
-0.04 -273773
-0.05 -278048
-0.06 -282323
-0.07 -286597
-0.08 -290870
-0.09 -295144
-0.1 -299416
-0.11 -303689
-0.12 -307961
-0.13 -312232
-0.14 -316504
-0.15 -320775
-0.16 -325045
-0.17 -329316
-0.18 -333586
-0.19 -337856
-0.2 -342126
-0.21 -346396
-0.22 -350666
-0.23 -354935
-0.24 -359205
-0.25 -363474
-0.26 -367743
-0.27 -372012
-0.28 -376281
-0.29 -380550
-0.3 -384819
-0.31 -389088
-0.32 -393356
-0.33 -397625
-0.34 -401893
-0.35 -406162
-0.36 -410430
-0.37 -414699
-0.38 -418967
-0.39 -423235
-0.4 -427504
-0.41 -431772
-0.42 -436040
-0.43 -440308
-0.44 -444576
-0.45 -448844
-0.46 -453113
-0.47 -457381
-0.48 -461649
-0.49 -465917
-0.5 -470185
-0.51 -474453
-0.52 -478721
-0.53 -482989
-0.54 -487257
-0.55 -491525
-0.56 -495793
-0.57 -500061
-0.58 -504329
-0.59 -508597
-0.6 -512865
-0.61 -517132
-0.62 -521400
-0.63 -525668
-0.64 -529936
-0.65 -534204
-0.66 -538472
-0.67 -542740
-0.68 -547008
-0.69 -551276
-0.7 -555544
-0.71 -559812
-0.72 -564079
-0.73 -568347
-0.74 -572615
-0.75 -576883
-0.76 -581151
-0.77 -585419
-0.78 -589687
-0.79 -593955
-0.8 -598223
-0.81 -602490
-0.82 -606758
-0.83 -611026
-0.84 -615294
-0.85 -619562
-0.86 -623830
-0.87 -628098
-0.88 -632366
-0.89 -636633
-0.9 -640901
-0.91 -645169
-0.92 -649437
-0.93 -653705
-0.94 -657973
-0.95 -662241
-0.96 -666508
-0.97 -670776
-0.98 -675044
-0.99 -679312
-1 -683580
-0.99 -638432
-0.98 -596537
-0.97 -557638
-0.96 -521495
-0.95 -487890
-0.94 -456620
-0.93 -427499
-0.92 -400356
-0.91 -375034
-0.9 -351388
-0.89 -329284
-0.88 -308600
-0.87 -289223
-0.86 -271048
-0.85 -253981
-0.84 -237932
-0.83 -222821
-0.82 -208573
-0.81 -195119
-0.8 -182397
-0.79 -170347
-0.78 -158917
-0.77 -148057
-0.76 -137722
-0.75 -127870
-0.74 -118462
-0.73 -109463
-0.72 -100841
-0.71 -92565.9
-0.7 -84609.4
-0.69 -76946.5
-0.68 -69553.8
-0.67 -62409.8
-0.66 -55494.8
-0.65 -48790.5
-0.64 -42280.2
-0.63 -35948.3
-0.62 -29780.7
-0.61 -23764.3
-0.6 -17887.2
-0.59 -12138.1
-0.58 -6506.87
-0.57 -984.203
-0.56 4438.59
-0.55 9769.45
-0.54 15015.7
-0.53 20184.1
-0.52 25280.8
-0.51 30311.5
-0.5 35281.5
-0.49 40195.6
-0.48 45058.3
-0.47 49873.6
-0.46 54645.3
-0.45 59377
-0.44 64071.7
-0.43 68732.5
-0.42 73361.9
-0.41 77962.6
-0.4 82536.8
-0.39 87086.6
-0.38 91614
-0.37 96120.7
-0.36 100608
-0.35 105079
-0.34 109533
-0.33 113972
-0.32 118398
-0.31 122811
-0.3 127212
-0.29 131603
-0.28 135984
-0.27 140356
-0.26 144720
-0.25 149076
-0.24 153425
-0.23 157768
-0.22 162105
-0.21 166436
-0.2 170762
-0.19 175084
-0.18 179401
-0.17 183714
-0.16 188024
-0.15 192330
-0.14 196634
-0.13 200934
-0.12 205232
-0.11 209527
-0.1 213821
-0.09 218112
-0.08 222401
-0.07 226689
-0.06 230975
-0.05 235260
-0.04 239543
-0.03 243825
-0.02 248106
-0.01 252386
8.50015e-17 256665
0.01 260943
0.02 265221
0.03 269497
0.04 273773
0.05 278048
0.06 282323
0.07 286597
0.08 290870
0.09 295144
0.1 299416
0.11 303689
0.12 307961
0.13 312232
0.14 316504
0.15 320775
0.16 325045
0.17 329316
0.18 333586
0.19 337856
0.2 342126
0.21 346396
0.22 350666
0.23 354935
0.24 359205
0.25 363474
0.26 367743
0.27 372012
0.28 376281
0.29 380550
0.3 384819
0.31 389088
0.32 393356
0.33 397625
0.34 401893
0.35 406162
0.36 410430
0.37 414699
0.38 418967
0.39 423235
0.4 427504
0.41 431772
0.42 436040
0.43 440308
0.44 444576
0.45 448844
0.46 453113
0.47 457381
0.48 461649
0.49 465917
0.5 470185
0.51 474453
0.52 478721
0.53 482989
0.54 487257
0.55 491525
0.56 495793
0.57 500061
0.58 504329
0.59 508597
0.6 512865
0.61 517132
0.62 521400
0.63 525668
0.64 529936
0.65 534204
0.66 538472
0.67 542740
0.68 547008
0.69 551276
0.7 555544
0.71 559812
0.72 564079
0.73 568347
0.74 572615
0.75 576883
0.76 581151
0.77 585419
0.78 589687
0.79 593955
0.8 598223
0.81 602490
0.82 606758
0.83 611026
0.84 615294
0.85 619562
0.86 623830
0.87 628098
0.88 632366
0.89 636633
0.9 640901
0.91 645169
0.92 649437
0.93 653705
0.94 657973
0.95 662241
0.96 666508
0.97 670776
0.98 675044
0.99 679312
1 683580
1.01 687676
1.02 691755
1.03 695819
1.04 699867
1.05 703899
1.06 707916
1.07 711918
1.08 715905
1.09 719878
1.1 723835
1.11 727779
1.12 731708
1.13 735623
1.14 739525
1.15 743444
1.16 747600
1.17 751750
1.18 755895
1.19 760035
1.2 764171
1.21 768303
1.22 772432
1.23 776559
1.24 780685
1.25 784809
1.26 788934
1.27 793059
1.28 797186
1.29 801314
1.3 805444
1.31 809578
1.32 813716
1.33 817857
1.34 822004
1.35 826156
1.36 830314
1.37 834479
1.38 838652
1.39 842832
1.4 847021
1.41 851219
1.42 855427
1.43 859645
1.44 863874
1.45 868114
1.46 872366
1.47 876630
1.48 880908
1.49 885199
1.5 889504
1.51 893824
1.52 898159
1.53 902510
1.54 906877
1.55 911260
1.56 915661
1.57 920079
1.58 924515
1.59 928970
1.6 933445
1.61 937938
1.62 942452
1.63 946987
1.64 951542
1.65 956119
1.66 960717
1.67 965338
1.68 969982
1.69 974649
1.7 979339
1.71 984054
1.72 988793
1.73 993557
1.74 998346
1.75 1.00316e+06
1.76 1.008e+06
1.77 1.01287e+06
1.78 1.01776e+06
1.79 1.02268e+06
1.8 1.02763e+06
1.81 1.03261e+06
1.82 1.03761e+06
1.83 1.04265e+06
1.84 1.04771e+06
1.85 1.0528e+06
1.86 1.05792e+06
1.87 1.06308e+06
1.88 1.06826e+06
1.89 1.07347e+06
1.9 1.07871e+06
1.91 1.08399e+06
1.92 1.0893e+06
1.93 1.09464e+06
1.94 1.10001e+06
1.95 1.10541e+06
1.96 1.11085e+06
1.97 1.11631e+06
1.98 1.12182e+06
1.99 1.12735e+06
2 1.13292e+06
1.99 1.09004e+06
1.98 1.04905e+06
1.97 1.00987e+06
1.96 972398
1.95 936562
1.94 902281
1.93 869480
1.92 838087
1.91 808036
1.9 779261
1.89 751701
1.88 725298
1.87 699996
1.86 675742
1.85 652486
1.84 630179
1.83 608777
1.82 588235
1.81 568513
1.8 549571
1.79 531371
1.78 513878
1.77 497058
1.76 480878
1.75 465308
1.74 450318
1.73 435881
1.72 421969
1.71 408559
1.7 395625
1.69 383144
1.68 371096
1.67 359458
1.66 348212
1.65 337339
1.64 326819
1.63 316638
1.62 306778
1.61 297223
1.6 287960
1.59 278974
1.58 270251
1.57 261779
1.56 253547
1.55 245542
1.54 237753
1.53 230171
1.52 222784
1.51 215584
1.5 208562
1.49 201709
1.48 195017
1.47 188478
1.46 182085
1.45 175830
1.44 169708
1.43 163712
1.42 157835
1.41 152072
1.4 146417
1.39 140865
1.38 135412
1.37 130052
1.36 124782
1.35 119595
1.34 114490
1.33 109461
1.32 104506
1.31 99619.6
1.3 94799.8
1.29 90043.1
1.28 85346.5
1.27 80707.1
1.26 76122.2
1.25 71589.2
1.24 67105.6
1.23 62669.2
1.22 58277.8
1.21 53929.1
1.2 49621.2
1.19 45352.3
1.18 41120.5
1.17 36924
1.16 32761.4
1.15 28631
1.14 24531.4
1.13 20461.2
1.12 16419.1
1.11 12403.9
1.1 8414.35
1.09 4449.36
1.08 507.892
1.07 -3411.06
1.06 -7308.44
1.05 -11185.1
1.04 -15042
1.03 -18879.8
1.02 -22699.3
1.01 -26501.2
1 -30286.2
0.99 -34054.9
0.98 -37807.8
0.97 -41545.7
0.96 -45268.9
0.95 -48977.9
0.94 -52673.3
0.93 -56355.4
0.92 -60024.6
0.91 -63681.4
0.9 -67326
0.89 -70958.9
0.88 -74580.2
0.87 -78190.3
0.86 -81789.5
0.85 -85377.9
0.84 -88955.8
0.83 -92523.3
0.82 -96080.8
0.81 -99628.3
0.8 -103166
0.79 -106694
0.78 -110212
0.77 -113721
0.76 -117221
0.75 -120711
0.74 -124192
0.73 -127664
0.72 -131127
0.71 -134581
0.7 -138025
0.69 -141461
0.68 -144888
0.67 -148305
0.66 -151713
0.65 -155112
0.64 -158502
0.63 -161883
0.62 -165255
0.61 -168617
0.6 -171970
0.59 -175313
0.58 -178647
0.57 -181971
0.56 -185285
0.55 -188590
0.54 -191884
0.53 -195169
0.52 -198443
0.51 -201707
0.5 -204960
0.49 -208203
0.48 -211435
0.47 -214656
0.46 -217865
0.45 -221064
0.44 -224251
0.43 -227426
0.42 -230589
0.41 -233740
0.4 -236879
0.39 -240005
0.38 -243118
0.37 -246218
0.36 -249305
0.35 -252378
0.34 -255438
0.33 -258483
0.32 -261514
0.31 -264529
0.3 -267530
0.29 -270515
0.28 -273485
0.27 -276438
0.26 -279374
0.25 -282293
0.24 -285195
0.23 -288078
0.22 -290943
0.21 -293789
0.2 -296615
0.19 -299421
0.18 -302205
0.17 -304968
0.16 -307708
0.15 -310425
0.14 -313118
0.13 -315785
0.12 -318425
0.11 -321038
0.1 -323621
0.09 -326173
0.08 -328691
0.07 -331175
0.06 -333620
0.05 -336023
0.04 -338380
0.03 -340683
0.02 -342925
0.01 -345088
-3.08727e-16 -347124
-0.01 -349162
-0.02 -351331
-0.03 -353583
-0.04 -355901
-0.05 -358276
-0.06 -360702
-0.07 -363173
-0.08 -365687
-0.09 -368241
-0.1 -370832
-0.11 -373458
-0.12 -376118
-0.13 -378810
-0.14 -381532
-0.15 -384284
-0.16 -387065
-0.17 -389873
-0.18 -392708
-0.19 -395569
-0.2 -398455
-0.21 -401366
-0.22 -404300
-0.23 -407258
-0.24 -410239
-0.25 -413242
-0.26 -416267
-0.27 -419313
-0.28 -422380
-0.29 -425468
-0.3 -428576
-0.31 -431704
-0.32 -434851
-0.33 -438017
-0.34 -441202
-0.35 -444406
-0.36 -447628
-0.37 -450867
-0.38 -454125
-0.39 -457400
-0.4 -460692
-0.41 -464001
-0.42 -467326
-0.43 -470669
-0.44 -474027
-0.45 -477401
-0.46 -480792
-0.47 -484198
-0.48 -487619
-0.49 -491056
-0.5 -494508
-0.51 -497975
-0.52 -501457
-0.53 -504953
-0.54 -508464
-0.55 -511989
-0.56 -515529
-0.57 -519082
-0.58 -522649
-0.59 -526230
-0.6 -529825
-0.61 -533433
-0.62 -537055
-0.63 -540690
-0.64 -544338
-0.65 -547999
-0.66 -551673
-0.67 -555359
-0.68 -559059
-0.69 -562770
-0.7 -566495
-0.71 -570232
-0.72 -573981
-0.73 -577742
-0.74 -581515
-0.75 -585300
-0.76 -589097
-0.77 -592906
-0.78 -596726
-0.79 -600559
-0.8 -604402
-0.81 -608257
-0.82 -612124
-0.83 -616002
-0.84 -619890
-0.85 -623791
-0.86 -627702
-0.87 -631624
-0.88 -635557
-0.89 -639500
-0.9 -643455
-0.91 -647420
-0.92 -651396
-0.93 -655382
-0.94 -659379
-0.95 -663387
-0.96 -667404
-0.97 -671432
-0.98 -675470
-0.99 -679519
-1 -683577
-1.01 -687645
-1.02 -691724
-1.03 -695812
-1.04 -699911
-1.05 -704019
-1.06 -708136
-1.07 -712264
-1.08 -716401
-1.09 -720548
-1.1 -724704
-1.11 -728870
-1.12 -733045
-1.13 -737230
-1.14 -741424
-1.15 -745627
-1.16 -749840
-1.17 -754062
-1.18 -758293
-1.19 -762533
-1.2 -766782
-1.21 -771040
-1.22 -775308
-1.23 -779584
-1.24 -783869
-1.25 -788163
-1.26 -792465
-1.27 -796777
-1.28 -801097
-1.29 -805426
-1.3 -809764
-1.31 -814110
-1.32 -818465
-1.33 -822828
-1.34 -827200
-1.35 -831580
-1.36 -835969
-1.37 -840366
-1.38 -844772
-1.39 -849185
-1.4 -853608
-1.41 -858038
-1.42 -862477
-1.43 -866923
-1.44 -871378
-1.45 -875841
-1.46 -880313
-1.47 -884792
-1.48 -889279
-1.49 -893774
-1.5 -898278
-1.51 -902789
-1.52 -907308
-1.53 -911835
-1.54 -916370
-1.55 -920912
-1.56 -925463
-1.57 -930021
-1.58 -934587
-1.59 -939160
-1.6 -943741
-1.61 -948330
-1.62 -952927
-1.63 -957531
-1.64 -962143
-1.65 -966762
-1.66 -971389
-1.67 -976023
-1.68 -980665
-1.69 -985314
-1.7 -989970
-1.71 -994634
-1.72 -999306
-1.73 -1.00398e+06
-1.74 -1.00867e+06
-1.75 -1.01336e+06
-1.76 -1.01806e+06
-1.77 -1.02277e+06
-1.78 -1.02749e+06
-1.79 -1.03221e+06
-1.8 -1.03694e+06
-1.81 -1.04168e+06
-1.82 -1.04642e+06
-1.83 -1.05117e+06
-1.84 -1.05593e+06
-1.85 -1.06069e+06
-1.86 -1.06546e+06
-1.87 -1.07024e+06
-1.88 -1.07503e+06
-1.89 -1.07982e+06
-1.9 -1.08462e+06
-1.91 -1.08943e+06
-1.92 -1.09424e+06
-1.93 -1.09906e+06
-1.94 -1.10389e+06
-1.95 -1.10873e+06
-1.96 -1.11357e+06
-1.97 -1.11841e+06
-1.98 -1.12327e+06
-1.99 -1.12813e+06
-2 -1.13292e+06
-1.99 -1.09004e+06
-1.98 -1.04905e+06
-1.97 -1.00987e+06
-1.96 -972398
-1.95 -936562
-1.94 -902281
-1.93 -869480
-1.92 -838087
-1.91 -808036
-1.9 -779261
-1.89 -751701
-1.88 -725298
-1.87 -699996
-1.86 -675742
-1.85 -652486
-1.84 -630179
-1.83 -608777
-1.82 -588235
-1.81 -568513
-1.8 -549571
-1.79 -531371
-1.78 -513878
-1.77 -497058
-1.76 -480878
-1.75 -465308
-1.74 -450318
-1.73 -435881
-1.72 -421969
-1.71 -408559
-1.7 -395625
-1.69 -383144
-1.68 -371096
-1.67 -359458
-1.66 -348212
-1.65 -337339
-1.64 -326819
-1.63 -316638
-1.62 -306778
-1.61 -297223
-1.6 -287960
-1.59 -278974
-1.58 -270251
-1.57 -261779
-1.56 -253547
-1.55 -245542
-1.54 -237753
-1.53 -230171
-1.52 -222784
-1.51 -215584
-1.5 -208562
-1.49 -201709
-1.48 -195017
-1.47 -188478
-1.46 -182085
-1.45 -175830
-1.44 -169708
-1.43 -163712
-1.42 -157835
-1.41 -152072
-1.4 -146417
-1.39 -140865
-1.38 -135412
-1.37 -130052
-1.36 -124782
-1.35 -119595
-1.34 -114490
-1.33 -109461
-1.32 -104506
-1.31 -99619.6
-1.3 -94799.8
-1.29 -90043.1
-1.28 -85346.5
-1.27 -80707.1
-1.26 -76122.2
-1.25 -71589.2
-1.24 -67105.6
-1.23 -62669.2
-1.22 -58277.8
-1.21 -53929.1
-1.2 -49621.2
-1.19 -45352.3
-1.18 -41120.5
-1.17 -36924
-1.16 -32761.4
-1.15 -28631
-1.14 -24531.4
-1.13 -20461.2
-1.12 -16419.1
-1.11 -12403.9
-1.1 -8414.35
-1.09 -4449.36
-1.08 -507.892
-1.07 3411.06
-1.06 7308.44
-1.05 11185.1
-1.04 15042
-1.03 18879.8
-1.02 22699.3
-1.01 26501.2
-1 30286.2
-0.99 34054.9
-0.98 37807.8
-0.97 41545.7
-0.96 45268.9
-0.95 48977.9
-0.94 52673.3
-0.93 56355.4
-0.92 60024.6
-0.91 63681.4
-0.9 67326
-0.89 70958.9
-0.88 74580.2
-0.87 78190.3
-0.86 81789.5
-0.85 85377.9
-0.84 88955.8
-0.83 92523.3
-0.82 96080.8
-0.81 99628.3
-0.8 103166
-0.79 106694
-0.78 110212
-0.77 113721
-0.76 117221
-0.75 120711
-0.74 124192
-0.73 127664
-0.72 131127
-0.71 134581
-0.7 138025
-0.69 141461
-0.68 144888
-0.67 148305
-0.66 151713
-0.65 155112
-0.64 158502
-0.63 161883
-0.62 165255
-0.61 168617
-0.6 171970
-0.59 175313
-0.58 178647
-0.57 181971
-0.56 185285
-0.55 188590
-0.54 191884
-0.53 195169
-0.52 198443
-0.51 201707
-0.5 204960
-0.49 208203
-0.48 211435
-0.47 214656
-0.46 217865
-0.45 221064
-0.44 224251
-0.43 227426
-0.42 230589
-0.41 233740
-0.4 236879
-0.39 240005
-0.38 243118
-0.37 246218
-0.36 249305
-0.35 252378
-0.34 255438
-0.33 258483
-0.32 261514
-0.31 264529
-0.3 267530
-0.29 270515
-0.28 273485
-0.27 276438
-0.26 279374
-0.25 282293
-0.24 285195
-0.23 288078
-0.22 290943
-0.21 293789
-0.2 296615
-0.19 299421
-0.18 302205
-0.17 304968
-0.16 307708
-0.15 310425
-0.14 313118
-0.13 315785
-0.12 318425
-0.11 321038
-0.1 323621
-0.09 326173
-0.08 328691
-0.07 331175
-0.06 333620
-0.05 336023
-0.04 338380
-0.03 340683
-0.02 342925
-0.01 345088
-1.35308e-16 347124
0.01 349162
0.02 351331
0.03 353583
0.04 355901
0.05 358276
0.06 360702
0.07 363173
0.08 365687
0.09 368241
0.1 370832
0.11 373458
0.12 376118
0.13 378810
0.14 381532
0.15 384284
0.16 387065
0.17 389873
0.18 392708
0.19 395569
0.2 398455
0.21 401366
0.22 404300
0.23 407258
0.24 410239
0.25 413242
0.26 416267
0.27 419313
0.28 422380
0.29 425468
0.3 428576
0.31 431704
0.32 434851
0.33 438017
0.34 441202
0.35 444406
0.36 447628
0.37 450867
0.38 454125
0.39 457400
0.4 460692
0.41 464001
0.42 467326
0.43 470669
0.44 474027
0.45 477401
0.46 480792
0.47 484198
0.48 487619
0.49 491056
0.5 494508
0.51 497975
0.52 501457
0.53 504953
0.54 508464
0.55 511989
0.56 515529
0.57 519082
0.58 522649
0.59 526230
0.6 529825
0.61 533433
0.62 537055
0.63 540690
0.64 544338
0.65 547999
0.66 551673
0.67 555359
0.68 559059
0.69 562770
0.7 566495
0.71 570232
0.72 573981
0.73 577742
0.74 581515
0.75 585300
0.76 589097
0.77 592906
0.78 596726
0.79 600559
0.8 604402
0.81 608257
0.82 612124
0.83 616002
0.84 619890
0.85 623791
0.86 627702
0.87 631624
0.88 635557
0.89 639500
0.9 643455
0.91 647420
0.92 651396
0.93 655382
0.94 659379
0.95 663387
0.96 667404
0.97 671432
0.98 675470
0.99 679519
1 683577
1.01 687645
1.02 691724
1.03 695812
1.04 699911
1.05 704019
1.06 708136
1.07 712264
1.08 716401
1.09 720548
1.1 724704
1.11 728870
1.12 733045
1.13 737230
1.14 741424
1.15 745627
1.16 749840
1.17 754062
1.18 758293
1.19 762533
1.2 766782
1.21 771040
1.22 775308
1.23 779584
1.24 783869
1.25 788163
1.26 792465
1.27 796777
1.28 801097
1.29 805426
1.3 809764
1.31 814110
1.32 818465
1.33 822828
1.34 827200
1.35 831580
1.36 835969
1.37 840366
1.38 844772
1.39 849185
1.4 853608
1.41 858038
1.42 862477
1.43 866923
1.44 871378
1.45 875841
1.46 880313
1.47 884792
1.48 889279
1.49 893774
1.5 898278
1.51 902789
1.52 907308
1.53 911835
1.54 916370
1.55 920912
1.56 925463
1.57 930021
1.58 934587
1.59 939160
1.6 943741
1.61 948330
1.62 952927
1.63 957531
1.64 962143
1.65 966762
1.66 971389
1.67 976023
1.68 980665
1.69 985314
1.7 989970
1.71 994634
1.72 999306
1.73 1.00398e+06
1.74 1.00867e+06
1.75 1.01336e+06
1.76 1.01806e+06
1.77 1.02277e+06
1.78 1.02749e+06
1.79 1.03221e+06
1.8 1.03694e+06
1.81 1.04168e+06
1.82 1.04642e+06
1.83 1.05117e+06
1.84 1.05593e+06
1.85 1.06069e+06
1.86 1.06546e+06
1.87 1.07024e+06
1.88 1.07503e+06
1.89 1.07982e+06
1.9 1.08462e+06
1.91 1.08943e+06
1.92 1.09424e+06
1.93 1.09906e+06
1.94 1.10389e+06
1.95 1.10873e+06
1.96 1.11357e+06
1.97 1.11841e+06
1.98 1.12327e+06
1.99 1.12813e+06
2 1.133e+06
2.01 1.13853e+06
2.02 1.14417e+06
2.03 1.14984e+06
2.04 1.15555e+06
2.05 1.16129e+06
2.06 1.16707e+06
2.07 1.17289e+06
2.08 1.17874e+06
2.09 1.18462e+06
2.1 1.19054e+06
2.11 1.1965e+06
2.12 1.2025e+06
2.13 1.20853e+06
2.14 1.2146e+06
2.15 1.22071e+06
2.16 1.22685e+06
2.17 1.23303e+06
2.18 1.23925e+06
2.19 1.24551e+06
2.2 1.25181e+06
2.21 1.25814e+06
2.22 1.26451e+06
2.23 1.27092e+06
2.24 1.27737e+06
2.25 1.28386e+06
2.26 1.29039e+06
2.27 1.29695e+06
2.28 1.30356e+06
2.29 1.3102e+06
2.3 1.31689e+06
2.31 1.32361e+06
2.32 1.33038e+06
2.33 1.33718e+06
2.34 1.34402e+06
2.35 1.3509e+06
2.36 1.35783e+06
2.37 1.36479e+06
2.38 1.37179e+06
2.39 1.37883e+06
2.4 1.38592e+06
2.41 1.39304e+06
2.42 1.4002e+06
2.43 1.4074e+06
2.44 1.41465e+06
2.45 1.42193e+06
2.46 1.42926e+06
2.47 1.43662e+06
2.48 1.44403e+06
2.49 1.45147e+06
2.5 1.45896e+06
2.51 1.46648e+06
2.52 1.47405e+06
2.53 1.48166e+06
2.54 1.4893e+06
2.55 1.49699e+06
2.56 1.50472e+06
2.57 1.51249e+06
2.58 1.5203e+06
2.59 1.52815e+06
2.6 1.53603e+06
2.61 1.54396e+06
2.62 1.55193e+06
2.63 1.55994e+06
2.64 1.56799e+06
2.65 1.57608e+06
2.66 1.5842e+06
2.67 1.59237e+06
2.68 1.60058e+06
2.69 1.60882e+06
2.7 1.61711e+06
2.71 1.62543e+06
2.72 1.6338e+06
2.73 1.6422e+06
2.74 1.65064e+06
2.75 1.65912e+06
2.76 1.66764e+06
2.77 1.67619e+06
2.78 1.68479e+06
2.79 1.69342e+06
2.8 1.70209e+06
2.81 1.7108e+06
2.82 1.71955e+06
2.83 1.72833e+06
2.84 1.73715e+06
2.85 1.74601e+06
2.86 1.7549e+06
2.87 1.76383e+06
2.88 1.7728e+06
2.89 1.7818e+06
2.9 1.79084e+06
2.91 1.79992e+06
2.92 1.80903e+06
2.93 1.81818e+06
2.94 1.82736e+06
2.95 1.83657e+06
2.96 1.84582e+06
2.97 1.85511e+06
2.98 1.86443e+06
2.99 1.87378e+06
3 1.88317e+06
2.99 1.83177e+06
2.98 1.7818e+06
2.97 1.73322e+06
2.96 1.68599e+06
2.95 1.64006e+06
2.94 1.59541e+06
2.93 1.552e+06
2.92 1.50978e+06
2.91 1.46872e+06
2.9 1.42879e+06
2.89 1.38996e+06
2.88 1.35218e+06
2.87 1.31544e+06
2.86 1.2797e+06
2.85 1.24493e+06
2.84 1.2111e+06
2.83 1.17818e+06
2.82 1.14616e+06
2.81 1.115e+06
2.8 1.08467e+06
2.79 1.05516e+06
2.78 1.02643e+06
2.77 998473
2.76 971258
2.75 944764
2.74 918970
2.73 893857
2.72 869404
2.71 845592
2.7 822402
2.69 799817
2.68 777819
2.67 756390
2.66 735514
2.65 715176
2.64 695359
2.63 676048
2.62 657229
2.61 638887
2.6 621010
2.59 603582
2.58 586592
2.57 570026
2.56 553872
2.55 538119
2.54 522755
2.53 507769
2.52 493149
2.51 478885
2.5 464968
2.49 451386
2.48 438131
2.47 425193
2.46 412562
2.45 400231
2.44 388190
2.43 376431
2.42 364947
2.41 353728
2.4 342768
2.39 332059
2.38 321594
2.37 311366
2.36 301369
2.35 291595
2.34 282038
2.33 272693
2.32 263553
2.31 254612
2.3 245864
2.29 237305
2.28 228928
2.27 220729
2.26 212702
2.25 204843
2.24 197147
2.23 189609
2.22 182225
2.21 174990
2.2 167901
2.19 160952
2.18 154141
2.17 147463
2.16 140915
2.15 134492
2.14 128192
2.13 122011
2.12 115945
2.11 109991
2.1 104147
2.09 98408.8
2.08 92773.7
2.07 87238.9
2.06 81801.5
2.05 76458.9
2.04 71208.4
2.03 66047.4
2.02 60973.5
2.01 55984.2
2 51077.2
1.99 46250.2
1.98 41500.9
1.97 36827.3
1.96 32227.3
1.95 27698.8
1.94 23239.8
1.93 18848.5
1.92 14522.9
1.91 10261.3
1.9 6061.97
1.89 1923.14
1.88 -2156.83
1.87 -6179.55
1.86 -10146.6
1.85 -14059.4
1.84 -17919.5
1.83 -21728.3
1.82 -25487.2
1.81 -29197.6
1.8 -32860.7
1.79 -36477.9
1.78 -40050.3
1.77 -43579.2
1.76 -47065.8
1.75 -50511.1
1.74 -53916.2
1.73 -57282.3
1.72 -60610.4
1.71 -63901.4
1.7 -67156.4
1.69 -70376.4
1.68 -73562.1
1.67 -76714.6
1.66 -79834.7
1.65 -82923.3
1.64 -85981.1
1.63 -89009
1.62 -92007.8
1.61 -94978.2
1.6 -97921
1.59 -100837
1.58 -103726
1.57 -106590
1.56 -109429
1.55 -112244
1.54 -115035
1.53 -117804
1.52 -120549
1.51 -123273
1.5 -125975
1.49 -128657
1.48 -131318
1.47 -133960
1.46 -136582
1.45 -139185
1.44 -141771
1.43 -144338
1.42 -146888
1.41 -149420
1.4 -151937
1.39 -154437
1.38 -156921
1.37 -159390
1.36 -161844
1.35 -164283
1.34 -166708
1.33 -169119
1.32 -171516
1.31 -173900
1.3 -176272
1.29 -178630
1.28 -180976
1.27 -183310
1.26 -185633
1.25 -187944
1.24 -190244
1.23 -192532
1.22 -194811
1.21 -197078
1.2 -199336
1.19 -201584
1.18 -203822
1.17 -206050
1.16 -208270
1.15 -210480
1.14 -212682
1.13 -214875
1.12 -217059
1.11 -219236
1.1 -221404
1.09 -223565
1.08 -225719
1.07 -227864
1.06 -230003
1.05 -232135
1.04 -234260
1.03 -236378
1.02 -238489
1.01 -240595
1 -242694
0.99 -244787
0.98 -246874
0.97 -248956
0.96 -251032
0.95 -253102
0.94 -255167
0.93 -257228
0.92 -259283
0.91 -261333
0.9 -263379
0.89 -265420
0.88 -267457
0.87 -269489
0.86 -271517
0.85 -273541
0.84 -275561
0.83 -277578
0.82 -279590
0.81 -281600
0.8 -283605
0.79 -285608
0.78 -287607
0.77 -289603
0.76 -291596
0.75 -293587
0.74 -295574
0.73 -297559
0.72 -299542
0.71 -301522
0.7 -303499
0.69 -305475
0.68 -307448
0.67 -309420
0.66 -311389
0.65 -313357
0.64 -315323
0.63 -317288
0.62 -319251
0.61 -321213
0.6 -323174
0.59 -325133
0.58 -327092
0.57 -329049
0.56 -331006
0.55 -332962
0.54 -334917
0.53 -336872
0.52 -338826
0.51 -340780
0.5 -342734
0.49 -344687
0.48 -346641
0.47 -348594
0.46 -350548
0.45 -352502
0.44 -354456
0.43 -356411
0.42 -358367
0.41 -360323
0.4 -362279
0.39 -364237
0.38 -366196
0.37 -368155
0.36 -370116
0.35 -372078
0.34 -374041
0.33 -376006
0.32 -377972
0.31 -379940
0.3 -381910
0.29 -383881
0.28 -385855
0.27 -387830
0.26 -389808
0.25 -391787
0.24 -393769
0.23 -395754
0.22 -397741
0.21 -399730
0.2 -401723
0.19 -403718
0.18 -405716
0.17 -407717
0.16 -409721
0.15 -411728
0.14 -413739
0.13 -415753
0.12 -417770
0.11 -419791
0.1 -421816
0.09 -423845
0.08 -425877
0.07 -427914
0.06 -429954
0.05 -431999
0.04 -434048
0.03 -436101
0.02 -438159
0.01 -440221
-3.07046e-16 -442288
-0.01 -444360
-0.02 -446437
-0.03 -448518
-0.04 -450604
-0.05 -452696
-0.06 -454792
-0.07 -456894
-0.08 -459002
-0.09 -461115
-0.1 -463233
-0.11 -465357
-0.12 -467487
-0.13 -469623
-0.14 -471765
-0.15 -473913
-0.16 -476067
-0.17 -478228
-0.18 -480395
-0.19 -482568
-0.2 -484749
-0.21 -486936
-0.22 -489130
-0.23 -491331
-0.24 -493539
-0.25 -495754
-0.26 -497977
-0.27 -500207
-0.28 -502445
-0.29 -504691
-0.3 -506944
-0.31 -509206
-0.32 -511475
-0.33 -513753
-0.34 -516039
-0.35 -518334
-0.36 -520637
-0.37 -522949
-0.38 -525269
-0.39 -527599
-0.4 -529938
-0.41 -532286
-0.42 -534643
-0.43 -537009
-0.44 -539386
-0.45 -541772
-0.46 -544168
-0.47 -546573
-0.48 -548989
-0.49 -551415
-0.5 -553852
-0.51 -556299
-0.52 -558756
-0.53 -561225
-0.54 -563704
-0.55 -566194
-0.56 -568695
-0.57 -571208
-0.58 -573732
-0.59 -576268
-0.6 -578815
-0.61 -581374
-0.62 -583945
-0.63 -586528
-0.64 -589124
-0.65 -591731
-0.66 -594352
-0.67 -596985
-0.68 -599630
-0.69 -602289
-0.7 -604961
-0.71 -607645
-0.72 -610344
-0.73 -613055
-0.74 -615781
-0.75 -618520
-0.76 -621273
-0.77 -624040
-0.78 -626821
-0.79 -629616
-0.8 -632426
-0.81 -635251
-0.82 -638090
-0.83 -640944
-0.84 -643814
-0.85 -646698
-0.86 -649598
-0.87 -652513
-0.88 -655444
-0.89 -658391
-0.9 -661354
-0.91 -664332
-0.92 -667327
-0.93 -670338
-0.94 -673366
-0.95 -676410
-0.96 -679472
-0.97 -682550
-0.98 -685645
-0.99 -688758
-1 -691887
-1.01 -695035
-1.02 -698200
-1.03 -701383
-1.04 -704584
-1.05 -707803
-1.06 -711040
-1.07 -714296
-1.08 -717571
-1.09 -720864
-1.1 -724176
-1.11 -727507
-1.12 -730858
-1.13 -734227
-1.14 -737617
-1.15 -741026
-1.16 -744454
-1.17 -747903
-1.18 -751372
-1.19 -754861
-1.2 -758371
-1.21 -761901
-1.22 -765452
-1.23 -769023
-1.24 -772616
-1.25 -776230
-1.26 -779866
-1.27 -783523
-1.28 -787202
-1.29 -790902
-1.3 -794625
-1.31 -798369
-1.32 -802136
-1.33 -805926
-1.34 -809738
-1.35 -813573
-1.36 -817431
-1.37 -821311
-1.38 -825216
-1.39 -829143
-1.4 -833094
-1.41 -837069
-1.42 -841068
-1.43 -845091
-1.44 -849138
-1.45 -853209
-1.46 -857305
-1.47 -861426
-1.48 -865572
-1.49 -869742
-1.5 -873938
-1.51 -878159
-1.52 -882406
-1.53 -886678
-1.54 -890976
-1.55 -895300
-1.56 -899650
-1.57 -904027
-1.58 -908429
-1.59 -912859
-1.6 -917315
-1.61 -921799
-1.62 -926309
-1.63 -930847
-1.64 -935412
-1.65 -940005
-1.66 -944625
-1.67 -949274
-1.68 -953950
-1.69 -958655
-1.7 -963389
-1.71 -968150
-1.72 -972941
-1.73 -977761
-1.74 -982609
-1.75 -987487
-1.76 -992394
-1.77 -997331
-1.78 -1.0023e+06
-1.79 -1.00729e+06
-1.8 -1.01232e+06
-1.81 -1.01738e+06
-1.82 -1.02246e+06
-1.83 -1.02758e+06
-1.84 -1.03273e+06
-1.85 -1.03791e+06
-1.86 -1.04312e+06
-1.87 -1.04836e+06
-1.88 -1.05364e+06
-1.89 -1.05894e+06
-1.9 -1.06428e+06
-1.91 -1.06965e+06
-1.92 -1.07505e+06
-1.93 -1.08048e+06
-1.94 -1.08594e+06
-1.95 -1.09144e+06
-1.96 -1.09697e+06
-1.97 -1.10253e+06
-1.98 -1.10813e+06
-1.99 -1.11376e+06
-2 -1.11942e+06
-2.01 -1.12512e+06
-2.02 -1.13085e+06
-2.03 -1.13661e+06
-2.04 -1.14241e+06
-2.05 -1.14824e+06
-2.06 -1.15411e+06
-2.07 -1.16001e+06
-2.08 -1.16595e+06
-2.09 -1.17192e+06
-2.1 -1.17793e+06
-2.11 -1.18397e+06
-2.12 -1.19004e+06
-2.13 -1.19616e+06
-2.14 -1.20231e+06
-2.15 -1.20849e+06
-2.16 -1.21471e+06
-2.17 -1.22097e+06
-2.18 -1.22726e+06
-2.19 -1.23359e+06
-2.2 -1.23996e+06
-2.21 -1.24636e+06
-2.22 -1.2528e+06
-2.23 -1.25928e+06
-2.24 -1.26579e+06
-2.25 -1.27234e+06
-2.26 -1.27893e+06
-2.27 -1.28556e+06
-2.28 -1.29223e+06
-2.29 -1.29893e+06
-2.3 -1.30568e+06
-2.31 -1.31246e+06
-2.32 -1.31928e+06
-2.33 -1.32614e+06
-2.34 -1.33304e+06
-2.35 -1.33998e+06
-2.36 -1.34696e+06
-2.37 -1.35397e+06
-2.38 -1.36103e+06
-2.39 -1.36813e+06
-2.4 -1.37527e+06
-2.41 -1.38244e+06
-2.42 -1.38966e+06
-2.43 -1.39692e+06
-2.44 -1.40422e+06
-2.45 -1.41156e+06
-2.46 -1.41894e+06
-2.47 -1.42637e+06
-2.48 -1.43383e+06
-2.49 -1.44134e+06
-2.5 -1.44889e+06
-2.51 -1.45648e+06
-2.52 -1.46411e+06
-2.53 -1.47179e+06
-2.54 -1.47951e+06
-2.55 -1.48727e+06
-2.56 -1.49507e+06
-2.57 -1.50292e+06
-2.58 -1.51081e+06
-2.59 -1.51874e+06
-2.6 -1.52672e+06
-2.61 -1.53474e+06
-2.62 -1.5428e+06
-2.63 -1.55091e+06
-2.64 -1.55907e+06
-2.65 -1.56726e+06
-2.66 -1.57551e+06
-2.67 -1.58379e+06
-2.68 -1.59213e+06
-2.69 -1.6005e+06
-2.7 -1.60893e+06
-2.71 -1.6174e+06
-2.72 -1.62591e+06
-2.73 -1.63447e+06
-2.74 -1.64307e+06
-2.75 -1.65173e+06
-2.76 -1.66043e+06
-2.77 -1.66917e+06
-2.78 -1.67796e+06
-2.79 -1.6868e+06
-2.8 -1.69569e+06
-2.81 -1.70462e+06
-2.82 -1.7136e+06
-2.83 -1.72263e+06
-2.84 -1.7317e+06
-2.85 -1.74083e+06
-2.86 -1.75e+06
-2.87 -1.75922e+06
-2.88 -1.76849e+06
-2.89 -1.7778e+06
-2.9 -1.78717e+06
-2.91 -1.79659e+06
-2.92 -1.80605e+06
-2.93 -1.81556e+06
-2.94 -1.82513e+06
-2.95 -1.83474e+06
-2.96 -1.8444e+06
-2.97 -1.85411e+06
-2.98 -1.86388e+06
-2.99 -1.87369e+06
-3 -1.88317e+06
-2.99 -1.83177e+06
-2.98 -1.7818e+06
-2.97 -1.73322e+06
-2.96 -1.68599e+06
-2.95 -1.64006e+06
-2.94 -1.59541e+06
-2.93 -1.552e+06
-2.92 -1.50978e+06
-2.91 -1.46872e+06
-2.9 -1.42879e+06
-2.89 -1.38996e+06
-2.88 -1.35218e+06
-2.87 -1.31544e+06
-2.86 -1.2797e+06
-2.85 -1.24493e+06
-2.84 -1.2111e+06
-2.83 -1.17818e+06
-2.82 -1.14616e+06
-2.81 -1.115e+06
-2.8 -1.08467e+06
-2.79 -1.05516e+06
-2.78 -1.02643e+06
-2.77 -998473
-2.76 -971258
-2.75 -944764
-2.74 -918970
-2.73 -893857
-2.72 -869404
-2.71 -845592
-2.7 -822402
-2.69 -799817
-2.68 -777819
-2.67 -756390
-2.66 -735514
-2.65 -715176
-2.64 -695359
-2.63 -676048
-2.62 -657229
-2.61 -638887
-2.6 -621010
-2.59 -603582
-2.58 -586592
-2.57 -570026
-2.56 -553872
-2.55 -538119
-2.54 -522755
-2.53 -507769
-2.52 -493149
-2.51 -478885
-2.5 -464968
-2.49 -451386
-2.48 -438131
-2.47 -425193
-2.46 -412562
-2.45 -400231
-2.44 -388190
-2.43 -376431
-2.42 -364947
-2.41 -353728
-2.4 -342768
-2.39 -332059
-2.38 -321594
-2.37 -311366
-2.36 -301369
-2.35 -291595
-2.34 -282038
-2.33 -272693
-2.32 -263553
-2.31 -254612
-2.3 -245864
-2.29 -237305
-2.28 -228928
-2.27 -220729
-2.26 -212702
-2.25 -204843
-2.24 -197147
-2.23 -189609
-2.22 -182225
-2.21 -174990
-2.2 -167901
-2.19 -160952
-2.18 -154141
-2.17 -147463
-2.16 -140915
-2.15 -134492
-2.14 -128192
-2.13 -122011
-2.12 -115945
-2.11 -109991
-2.1 -104147
-2.09 -98408.8
-2.08 -92773.7
-2.07 -87238.9
-2.06 -81801.5
-2.05 -76458.9
-2.04 -71208.4
-2.03 -66047.4
-2.02 -60973.5
-2.01 -55984.2
-2 -51077.2
-1.99 -46250.2
-1.98 -41500.9
-1.97 -36827.3
-1.96 -32227.3
-1.95 -27698.8
-1.94 -23239.8
-1.93 -18848.5
-1.92 -14522.9
-1.91 -10261.3
-1.9 -6061.97
-1.89 -1923.14
-1.88 2156.83
-1.87 6179.55
-1.86 10146.6
-1.85 14059.4
-1.84 17919.5
-1.83 21728.3
-1.82 25487.2
-1.81 29197.6
-1.8 32860.7
-1.79 36477.9
-1.78 40050.3
-1.77 43579.2
-1.76 47065.8
-1.75 50511.1
-1.74 53916.2
-1.73 57282.3
-1.72 60610.4
-1.71 63901.4
-1.7 67156.4
-1.69 70376.4
-1.68 73562.1
-1.67 76714.6
-1.66 79834.7
-1.65 82923.3
-1.64 85981.1
-1.63 89009
-1.62 92007.8
-1.61 94978.2
-1.6 97921
-1.59 100837
-1.58 103726
-1.57 106590
-1.56 109429
-1.55 112244
-1.54 115035
-1.53 117804
-1.52 120549
-1.51 123273
-1.5 125975
-1.49 128657
-1.48 131318
-1.47 133960
-1.46 136582
-1.45 139185
-1.44 141771
-1.43 144338
-1.42 146888
-1.41 149420
-1.4 151937
-1.39 154437
-1.38 156921
-1.37 159390
-1.36 161844
-1.35 164283
-1.34 166708
-1.33 169119
-1.32 171516
-1.31 173900
-1.3 176272
-1.29 178630
-1.28 180976
-1.27 183310
-1.26 185633
-1.25 187944
-1.24 190244
-1.23 192532
-1.22 194811
-1.21 197078
-1.2 199336
-1.19 201584
-1.18 203822
-1.17 206050
-1.16 208270
-1.15 210480
-1.14 212682
-1.13 214875
-1.12 217059
-1.11 219236
-1.1 221404
-1.09 223565
-1.08 225719
-1.07 227864
-1.06 230003
-1.05 232135
-1.04 234260
-1.03 236378
-1.02 238489
-1.01 240595
-1 242694
-0.99 244787
-0.98 246874
-0.97 248956
-0.96 251032
-0.95 253102
-0.94 255167
-0.93 257228
-0.92 259283
-0.91 261333
-0.9 263379
-0.89 265420
-0.88 267457
-0.87 269489
-0.86 271517
-0.85 273541
-0.84 275561
-0.83 277578
-0.82 279590
-0.81 281600
-0.8 283605
-0.79 285608
-0.78 287607
-0.77 289603
-0.76 291596
-0.75 293587
-0.74 295574
-0.73 297559
-0.72 299542
-0.71 301522
-0.7 303499
-0.69 305475
-0.68 307448
-0.67 309420
-0.66 311389
-0.65 313357
-0.64 315323
-0.63 317288
-0.62 319251
-0.61 321213
-0.6 323174
-0.59 325133
-0.58 327092
-0.57 329049
-0.56 331006
-0.55 332962
-0.54 334917
-0.53 336872
-0.52 338826
-0.51 340780
-0.5 342734
-0.49 344687
-0.48 346641
-0.47 348594
-0.46 350548
-0.45 352502
-0.44 354456
-0.43 356411
-0.42 358367
-0.41 360323
-0.4 362279
-0.39 364237
-0.38 366196
-0.37 368155
-0.36 370116
-0.35 372078
-0.34 374041
-0.33 376006
-0.32 377972
-0.31 379940
-0.3 381910
-0.29 383881
-0.28 385855
-0.27 387830
-0.26 389808
-0.25 391787
-0.24 393769
-0.23 395754
-0.22 397741
-0.21 399730
-0.2 401723
-0.19 403718
-0.18 405716
-0.17 407717
-0.16 409721
-0.15 411728
-0.14 413739
-0.13 415753
-0.12 417770
-0.11 419791
-0.1 421816
-0.09 423845
-0.08 425877
-0.07 427914
-0.06 429954
-0.05 431999
-0.04 434048
-0.03 436101
-0.02 438159
-0.01 440221
-1.40513e-16 442288
0.01 444360
0.02 446437
0.03 448518
0.04 450604
0.05 452696
0.06 454792
0.07 456894
0.08 459002
0.09 461115
0.1 463233
0.11 465357
0.12 467487
0.13 469623
0.14 471765
0.15 473913
0.16 476067
0.17 478228
0.18 480395
0.19 482568
0.2 484749
0.21 486936
0.22 489130
0.23 491331
0.24 493539
0.25 495754
0.26 497977
0.27 500207
0.28 502445
0.29 504691
0.3 506944
0.31 509206
0.32 511475
0.33 513753
0.34 516039
0.35 518334
0.36 520637
0.37 522949
0.38 525269
0.39 527599
0.4 529938
0.41 532286
0.42 534643
0.43 537009
0.44 539386
0.45 541772
0.46 544168
0.47 546573
0.48 548989
0.49 551415
0.5 553852
0.51 556299
0.52 558756
0.53 561225
0.54 563704
0.55 566194
0.56 568695
0.57 571208
0.58 573732
0.59 576268
0.6 578815
0.61 581374
0.62 583945
0.63 586528
0.64 589124
0.65 591731
0.66 594352
0.67 596985
0.68 599630
0.69 602289
0.7 604961
0.71 607645
0.72 610344
0.73 613055
0.74 615781
0.75 618520
0.76 621273
0.77 624040
0.78 626821
0.79 629616
0.8 632426
0.81 635251
0.82 638090
0.83 640944
0.84 643814
0.85 646698
0.86 649598
0.87 652513
0.88 655444
0.89 658391
0.9 661354
0.91 664332
0.92 667327
0.93 670338
0.94 673366
0.95 676410
0.96 679472
0.97 682550
0.98 685645
0.99 688758
1 691887
1.01 695035
1.02 698200
1.03 701383
1.04 704584
1.05 707803
1.06 711040
1.07 714296
1.08 717571
1.09 720864
1.1 724176
1.11 727507
1.12 730858
1.13 734227
1.14 737617
1.15 741026
1.16 744454
1.17 747903
1.18 751372
1.19 754861
1.2 758371
1.21 761901
1.22 765452
1.23 769023
1.24 772616
1.25 776230
1.26 779866
1.27 783523
1.28 787202
1.29 790902
1.3 794625
1.31 798369
1.32 802136
1.33 805926
1.34 809738
1.35 813573
1.36 817431
1.37 821311
1.38 825216
1.39 829143
1.4 833094
1.41 837069
1.42 841068
1.43 845091
1.44 849138
1.45 853209
1.46 857305
1.47 861426
1.48 865572
1.49 869742
1.5 873938
1.51 878159
1.52 882406
1.53 886678
1.54 890976
1.55 895300
1.56 899650
1.57 904027
1.58 908429
1.59 912859
1.6 917315
1.61 921799
1.62 926309
1.63 930847
1.64 935412
1.65 940005
1.66 944625
1.67 949274
1.68 953950
1.69 958655
1.7 963389
1.71 968150
1.72 972941
1.73 977761
1.74 982609
1.75 987487
1.76 992394
1.77 997331
1.78 1.0023e+06
1.79 1.00729e+06
1.8 1.01232e+06
1.81 1.01738e+06
1.82 1.02246e+06
1.83 1.02758e+06
1.84 1.03273e+06
1.85 1.03791e+06
1.86 1.04312e+06
1.87 1.04836e+06
1.88 1.05364e+06
1.89 1.05894e+06
1.9 1.06428e+06
1.91 1.06965e+06
1.92 1.07505e+06
1.93 1.08048e+06
1.94 1.08594e+06
1.95 1.09144e+06
1.96 1.09697e+06
1.97 1.10253e+06
1.98 1.10813e+06
1.99 1.11376e+06
2 1.11942e+06
2.01 1.12512e+06
2.02 1.13085e+06
2.03 1.13661e+06
2.04 1.14241e+06
2.05 1.14824e+06
2.06 1.15411e+06
2.07 1.16001e+06
2.08 1.16595e+06
2.09 1.17192e+06
2.1 1.17793e+06
2.11 1.18397e+06
2.12 1.19004e+06
2.13 1.19616e+06
2.14 1.20231e+06
2.15 1.20849e+06
2.16 1.21471e+06
2.17 1.22097e+06
2.18 1.22726e+06
2.19 1.23359e+06
2.2 1.23996e+06
2.21 1.24636e+06
2.22 1.2528e+06
2.23 1.25928e+06
2.24 1.26579e+06
2.25 1.27234e+06
2.26 1.27893e+06
2.27 1.28556e+06
2.28 1.29223e+06
2.29 1.29893e+06
2.3 1.30568e+06
2.31 1.31246e+06
2.32 1.31928e+06
2.33 1.32614e+06
2.34 1.33304e+06
2.35 1.33998e+06
2.36 1.34696e+06
2.37 1.35397e+06
2.38 1.36103e+06
2.39 1.36813e+06
2.4 1.37527e+06
2.41 1.38244e+06
2.42 1.38966e+06
2.43 1.39692e+06
2.44 1.40422e+06
2.45 1.41156e+06
2.46 1.41894e+06
2.47 1.42637e+06
2.48 1.43383e+06
2.49 1.44134e+06
2.5 1.44889e+06
2.51 1.45648e+06
2.52 1.46411e+06
2.53 1.47179e+06
2.54 1.47951e+06
2.55 1.48727e+06
2.56 1.49507e+06
2.57 1.50292e+06
2.58 1.51081e+06
2.59 1.51874e+06
2.6 1.52672e+06
2.61 1.53474e+06
2.62 1.5428e+06
2.63 1.55091e+06
2.64 1.55907e+06
2.65 1.56726e+06
2.66 1.57551e+06
2.67 1.58379e+06
2.68 1.59213e+06
2.69 1.6005e+06
2.7 1.60893e+06
2.71 1.6174e+06
2.72 1.62591e+06
2.73 1.63447e+06
2.74 1.64307e+06
2.75 1.65173e+06
2.76 1.66043e+06
2.77 1.66917e+06
2.78 1.67796e+06
2.79 1.6868e+06
2.8 1.69569e+06
2.81 1.70462e+06
2.82 1.7136e+06
2.83 1.72263e+06
2.84 1.7317e+06
2.85 1.74083e+06
2.86 1.75e+06
2.87 1.75922e+06
2.88 1.76849e+06
2.89 1.7778e+06
2.9 1.78717e+06
2.91 1.79659e+06
2.92 1.80605e+06
2.93 1.81556e+06
2.94 1.82513e+06
2.95 1.83474e+06
2.96 1.8444e+06
2.97 1.85411e+06
2.98 1.86388e+06
2.99 1.87369e+06
3 1.88355e+06
3.01 1.89259e+06
3.02 1.90204e+06
3.03 1.91153e+06
3.04 1.92105e+06
3.05 1.9306e+06
3.06 1.94018e+06
3.07 1.94979e+06
3.08 1.95944e+06
3.09 1.96911e+06
3.1 1.97882e+06
3.11 1.98856e+06
3.12 1.99832e+06
3.13 2.00812e+06
3.14 2.01794e+06
3.15 2.0278e+06
3.16 2.03768e+06
3.17 2.04759e+06
3.18 2.05753e+06
3.19 2.0675e+06
3.2 2.07749e+06
3.21 2.08751e+06
3.22 2.09756e+06
3.23 2.10763e+06
3.24 2.11773e+06
3.25 2.12785e+06
3.26 2.138e+06
3.27 2.14817e+06
3.28 2.15837e+06
3.29 2.16859e+06
3.3 2.17883e+06
3.31 2.1891e+06
3.32 2.19939e+06
3.33 2.2097e+06
3.34 2.22003e+06
3.35 2.23038e+06
3.36 2.24075e+06
3.37 2.25114e+06
3.38 2.26155e+06
3.39 2.27198e+06
3.4 2.28243e+06
3.41 2.2929e+06
3.42 2.30339e+06
3.43 2.31389e+06
3.44 2.32441e+06
3.45 2.33494e+06
3.46 2.34549e+06
3.47 2.35605e+06
3.48 2.36663e+06
3.49 2.37723e+06
3.5 2.38783e+06
3.51 2.39845e+06
3.52 2.40909e+06
3.53 2.41973e+06
3.54 2.43038e+06
3.55 2.44105e+06
3.56 2.45173e+06
3.57 2.46241e+06
3.58 2.47311e+06
3.59 2.48381e+06
3.6 2.49452e+06
3.61 2.50524e+06
3.62 2.51596e+06
3.63 2.52669e+06
3.64 2.53743e+06
3.65 2.54817e+06
3.66 2.55891e+06
3.67 2.56966e+06
3.68 2.58041e+06
3.69 2.59116e+06
3.7 2.60192e+06
3.71 2.61268e+06
3.72 2.62343e+06
3.73 2.63419e+06
3.74 2.64494e+06
3.75 2.6557e+06
3.76 2.66645e+06
3.77 2.6772e+06
3.78 2.68794e+06
3.79 2.69868e+06
3.8 2.70942e+06
3.81 2.72015e+06
3.82 2.73087e+06
3.83 2.74158e+06
3.84 2.75229e+06
3.85 2.76299e+06
3.86 2.77368e+06
3.87 2.78436e+06
3.88 2.79503e+06
3.89 2.80569e+06
3.9 2.81633e+06
3.91 2.82697e+06
3.92 2.83758e+06
3.93 2.84819e+06
3.94 2.85878e+06
3.95 2.86935e+06
3.96 2.87991e+06
3.97 2.89044e+06
3.98 2.90096e+06
3.99 2.91146e+06
4 2.92194e+06
3.99 2.85258e+06
3.98 2.78462e+06
3.97 2.71805e+06
3.96 2.65284e+06
3.95 2.58897e+06
3.94 2.5264e+06
3.93 2.46511e+06
3.92 2.40507e+06
3.91 2.34627e+06
3.9 2.28868e+06
3.89 2.23227e+06
3.88 2.17702e+06
3.87 2.12292e+06
3.86 2.06992e+06
3.85 2.01803e+06
3.84 1.9672e+06
3.83 1.91743e+06
3.82 1.86869e+06
3.81 1.82096e+06
3.8 1.77423e+06
3.79 1.72846e+06
3.78 1.68366e+06
3.77 1.63978e+06
3.76 1.59683e+06
3.75 1.55477e+06
3.74 1.51359e+06
3.73 1.47328e+06
3.72 1.43382e+06
3.71 1.39519e+06
3.7 1.35737e+06
3.69 1.32035e+06
3.68 1.28412e+06
3.67 1.24865e+06
3.66 1.21394e+06
3.65 1.17997e+06
3.64 1.14672e+06
3.63 1.11417e+06
3.62 1.08233e+06
3.61 1.05117e+06
3.6 1.02067e+06
3.59 990836
3.58 961641
3.57 933077
3.56 905130
3.55 877789
3.54 851043
3.53 824878
3.52 799284
3.51 774250
3.5 749765
3.49 725817
3.48 702396
3.47 679492
3.46 657094
3.45 635192
3.44 613777
3.43 592839
3.42 572369
3.41 552356
3.4 532793
3.39 513670
3.38 494978
3.37 476708
3.36 458853
3.35 441404
3.34 424353
3.33 407691
3.32 391411
3.31 375506
3.3 359967
3.29 344788
3.28 329961
3.27 315478
3.26 301334
3.25 287521
3.24 274031
3.23 260860
3.22 248000
3.21 235445
3.2 223188
3.19 211224
3.18 199546
3.17 188149
3.16 177026
3.15 166173
3.14 155583
3.13 145251
3.12 135172
3.11 125340
3.1 115750
3.09 106397
3.08 97276.3
3.07 88382.7
3.06 79711.6
3.05 71258.1
3.04 63017.6
3.03 54985.6
3.02 47157.7
3.01 39529.4
3 32096.5
2.99 24854.7
2.98 17800
2.97 10928.2
2.96 4235.39
2.95 -2282.36
2.94 -8628.88
2.93 -14807.9
2.92 -20823.2
2.91 -26678.4
2.9 -32377
2.89 -37922.4
2.88 -43318.3
2.87 -48567.8
2.86 -53674.3
2.85 -58641.1
2.84 -63471.3
2.83 -68168
2.82 -72734.4
2.81 -77173.3
2.8 -81487.8
2.79 -85680.8
2.78 -89755.1
2.77 -93713.4
2.76 -97558.6
2.75 -101293
2.74 -104920
2.73 -108441
2.72 -111860
2.71 -115179
2.7 -118399
2.69 -121525
2.68 -124557
2.67 -127498
2.66 -130351
2.65 -133118
2.64 -135800
2.63 -138400
2.62 -140921
2.61 -143364
2.6 -145731
2.59 -148024
2.58 -150245
2.57 -152396
2.56 -154479
2.55 -156496
2.54 -158449
2.53 -160338
2.52 -162167
2.51 -163936
2.5 -165648
2.49 -167304
2.48 -168905
2.47 -170453
2.46 -171950
2.45 -173398
2.44 -174797
2.43 -176149
2.42 -177456
2.41 -178719
2.4 -179939
2.39 -181117
2.38 -182256
2.37 -183356
2.36 -184419
2.35 -185445
2.34 -186436
2.33 -187394
2.32 -188318
2.31 -189212
2.3 -190075
2.29 -190908
2.28 -191714
2.27 -192492
2.26 -193244
2.25 -193971
2.24 -194674
2.23 -195354
2.22 -196011
2.21 -196647
2.2 -197263
2.19 -197860
2.18 -198438
2.17 -198998
2.16 -199541
2.15 -200068
2.14 -200580
2.13 -201078
2.12 -201561
2.11 -202032
2.1 -202491
2.09 -202938
2.08 -203374
2.07 -203800
2.06 -204217
2.05 -204625
2.04 -205025
2.03 -205418
2.02 -205804
2.01 -206183
2 -206557
1.99 -206926
1.98 -207290
1.97 -207651
1.96 -208008
1.95 -208362
1.94 -208714
1.93 -209064
1.92 -209412
1.91 -209760
1.9 -210108
1.89 -210455
1.88 -210803
1.87 -211152
1.86 -211502
1.85 -211855
1.84 -212209
1.83 -212566
1.82 -212926
1.81 -213289
1.8 -213657
1.79 -214028
1.78 -214403
1.77 -214784
1.76 -215170
1.75 -215561
1.74 -215958
1.73 -216361
1.72 -216770
1.71 -217186
1.7 -217609
1.69 -218039
1.68 -218477
1.67 -218923
1.66 -219376
1.65 -219838
1.64 -220308
1.63 -220787
1.62 -221275
1.61 -221773
1.6 -222279
1.59 -222795
1.58 -223321
1.57 -223857
1.56 -224403
1.55 -224960
1.54 -225527
1.53 -226105
1.52 -226693
1.51 -227293
1.5 -227904
1.49 -228526
1.48 -229160
1.47 -229805
1.46 -230462
1.45 -231131
1.44 -231811
1.43 -232504
1.42 -233209
1.41 -233927
1.4 -234657
1.39 -235399
1.38 -236154
1.37 -236922
1.36 -237702
1.35 -238496
1.34 -239302
1.33 -240121
1.32 -240954
1.31 -241800
1.3 -242658
1.29 -243530
1.28 -244416
1.27 -245315
1.26 -246227
1.25 -247153
1.24 -248092
1.23 -249045
1.22 -250011
1.21 -250992
1.2 -251985
1.19 -252993
1.18 -254014
1.17 -255049
1.16 -256097
1.15 -257160
1.14 -258236
1.13 -259326
1.12 -260429
1.11 -261547
1.1 -262678
1.09 -263823
1.08 -264982
1.07 -266155
1.06 -267341
1.05 -268542
1.04 -269756
1.03 -270983
1.02 -272225
1.01 -273480
1 -274749
0.99 -276031
0.98 -277328
0.97 -278637
0.96 -279961
0.95 -281298
0.94 -282648
0.93 -284012
0.92 -285390
0.91 -286781
0.9 -288185
0.89 -289603
0.88 -291034
0.87 -292478
0.86 -293935
0.85 -295406
0.84 -296890
0.83 -298387
0.82 -299897
0.81 -301420
0.8 -302956
0.79 -304505
0.78 -306066
0.77 -307641
0.76 -309228
0.75 -310828
0.74 -312441
0.73 -314066
0.72 -315704
0.71 -317354
0.7 -319017
0.69 -320691
0.68 -322379
0.67 -324078
0.66 -325790
0.65 -327513
0.64 -329249
0.63 -330997
0.62 -332757
0.61 -334528
0.6 -336311
0.59 -338106
0.58 -339913
0.57 -341731
0.56 -343561
0.55 -345402
0.54 -347254
0.53 -349118
0.52 -350993
0.51 -352880
0.5 -354777
0.49 -356685
0.48 -358605
0.47 -360535
0.46 -362476
0.45 -364428
0.44 -366390
0.43 -368363
0.42 -370347
0.41 -372341
0.4 -374345
0.39 -376360
0.38 -378385
0.37 -380420
0.36 -382465
0.35 -384521
0.34 -386586
0.33 -388661
0.32 -390746
0.31 -392841
0.3 -394945
0.29 -397059
0.28 -399183
0.27 -401316
0.26 -403459
0.25 -405610
0.24 -407771
0.23 -409942
0.22 -412121
0.21 -414309
0.2 -416507
0.19 -418713
0.18 -420928
0.17 -423152
0.16 -425384
0.15 -427625
0.14 -429875
0.13 -432133
0.12 -434400
0.11 -436675
0.1 -438958
0.09 -441250
0.08 -443549
0.07 -445857
0.06 -448173
0.05 -450497
0.04 -452828
0.03 -455168
0.02 -457515
0.01 -459870
-3.05311e-16 -462233
-0.01 -464603
-0.02 -466980
-0.03 -469366
-0.04 -471758
-0.05 -474158
-0.06 -476565
-0.07 -478979
-0.08 -481401
-0.09 -483829
-0.1 -486265
-0.11 -488708
-0.12 -491157
-0.13 -493613
-0.14 -496076
-0.15 -498546
-0.16 -501023
-0.17 -503506
-0.18 -505996
-0.19 -508492
-0.2 -510995
-0.21 -513504
-0.22 -516019
-0.23 -518541
-0.24 -521069
-0.25 -523603
-0.26 -526143
-0.27 -528690
-0.28 -531242
-0.29 -533801
-0.3 -536365
-0.31 -538935
-0.32 -541511
-0.33 -544093
-0.34 -546681
-0.35 -549274
-0.36 -551873
-0.37 -554478
-0.38 -557088
-0.39 -559704
-0.4 -562325
-0.41 -564951
-0.42 -567583
-0.43 -570221
-0.44 -572863
-0.45 -575511
-0.46 -578164
-0.47 -580823
-0.48 -583486
-0.49 -586155
-0.5 -588828
-0.51 -591507
-0.52 -594191
-0.53 -596879
-0.54 -599573
-0.55 -602272
-0.56 -604975
-0.57 -607683
-0.58 -610396
-0.59 -613114
-0.6 -615837
-0.61 -618565
-0.62 -621297
-0.63 -624034
-0.64 -626775
-0.65 -629521
-0.66 -632272
-0.67 -635027
-0.68 -637787
-0.69 -640552
-0.7 -643321
-0.71 -646095
-0.72 -648873
-0.73 -651656
-0.74 -654443
-0.75 -657234
-0.76 -660031
-0.77 -662831
-0.78 -665636
-0.79 -668446
-0.8 -671260
-0.81 -674078
-0.82 -676901
-0.83 -679728
-0.84 -682560
-0.85 -685396
-0.86 -688236
-0.87 -691081
-0.88 -693931
-0.89 -696785
-0.9 -699643
-0.91 -702506
-0.92 -705373
-0.93 -708245
-0.94 -711121
-0.95 -714002
-0.96 -716888
-0.97 -719777
-0.98 -722672
-0.99 -725571
-1 -728475
-1.01 -731383
-1.02 -734296
-1.03 -737214
-1.04 -740136
-1.05 -743063
-1.06 -745995
-1.07 -748932
-1.08 -751874
-1.09 -754820
-1.1 -757772
-1.11 -760728
-1.12 -763689
-1.13 -766656
-1.14 -769627
-1.15 -772604
-1.16 -775586
-1.17 -778573
-1.18 -781566
-1.19 -784564
-1.2 -787567
-1.21 -790576
-1.22 -793590
-1.23 -796610
-1.24 -799636
-1.25 -802667
-1.26 -805704
-1.27 -808747
-1.28 -811796
-1.29 -814851
-1.3 -817912
-1.31 -820980
-1.32 -824053
-1.33 -827133
-1.34 -830220
-1.35 -833313
-1.36 -836412
-1.37 -839519
-1.38 -842632
-1.39 -845752
-1.4 -848879
-1.41 -852013
-1.42 -855154
-1.43 -858303
-1.44 -861459
-1.45 -864623
-1.46 -867795
-1.47 -870974
-1.48 -874161
-1.49 -877356
-1.5 -880559
-1.51 -883771
-1.52 -886991
-1.53 -890220
-1.54 -893457
-1.55 -896703
-1.56 -899958
-1.57 -903223
-1.58 -906496
-1.59 -909779
-1.6 -913072
-1.61 -916374
-1.62 -919686
-1.63 -923008
-1.64 -926341
-1.65 -929683
-1.66 -933037
-1.67 -936401
-1.68 -939776
-1.69 -943162
-1.7 -946559
-1.71 -949968
-1.72 -953388
-1.73 -956821
-1.74 -960265
-1.75 -963721
-1.76 -967190
-1.77 -970672
-1.78 -974166
-1.79 -977674
-1.8 -981194
-1.81 -984728
-1.82 -988276
-1.83 -991838
-1.84 -995414
-1.85 -999004
-1.86 -1.00261e+06
-1.87 -1.00623e+06
-1.88 -1.00986e+06
-1.89 -1.01351e+06
-1.9 -1.01718e+06
-1.91 -1.02086e+06
-1.92 -1.02456e+06
-1.93 -1.02827e+06
-1.94 -1.03201e+06
-1.95 -1.03575e+06
-1.96 -1.03952e+06
-1.97 -1.0433e+06
-1.98 -1.0471e+06
-1.99 -1.05092e+06
-2 -1.05476e+06
-2.01 -1.05861e+06
-2.02 -1.06248e+06
-2.03 -1.06638e+06
-2.04 -1.07029e+06
-2.05 -1.07422e+06
-2.06 -1.07817e+06
-2.07 -1.08215e+06
-2.08 -1.08614e+06
-2.09 -1.09016e+06
-2.1 -1.09419e+06
-2.11 -1.09825e+06
-2.12 -1.10233e+06
-2.13 -1.10643e+06
-2.14 -1.11056e+06
-2.15 -1.1147e+06
-2.16 -1.11888e+06
-2.17 -1.12307e+06
-2.18 -1.12729e+06
-2.19 -1.13153e+06
-2.2 -1.1358e+06
-2.21 -1.1401e+06
-2.22 -1.14442e+06
-2.23 -1.14876e+06
-2.24 -1.15313e+06
-2.25 -1.15753e+06
-2.26 -1.16196e+06
-2.27 -1.16641e+06
-2.28 -1.17089e+06
-2.29 -1.1754e+06
-2.3 -1.17994e+06
-2.31 -1.18451e+06
-2.32 -1.18911e+06
-2.33 -1.19374e+06
-2.34 -1.19839e+06
-2.35 -1.20308e+06
-2.36 -1.2078e+06
-2.37 -1.21256e+06
-2.38 -1.21734e+06
-2.39 -1.22216e+06
-2.4 -1.22701e+06
-2.41 -1.23189e+06
-2.42 -1.23681e+06
-2.43 -1.24177e+06
-2.44 -1.24675e+06
-2.45 -1.25178e+06
-2.46 -1.25684e+06
-2.47 -1.26193e+06
-2.48 -1.26707e+06
-2.49 -1.27224e+06
-2.5 -1.27745e+06
-2.51 -1.2827e+06
-2.52 -1.28798e+06
-2.53 -1.29331e+06
-2.54 -1.29868e+06
-2.55 -1.30409e+06
-2.56 -1.30954e+06
-2.57 -1.31503e+06
-2.58 -1.32056e+06
-2.59 -1.32614e+06
-2.6 -1.33176e+06
-2.61 -1.33742e+06
-2.62 -1.34313e+06
-2.63 -1.34889e+06
-2.64 -1.35469e+06
-2.65 -1.36053e+06
-2.66 -1.36643e+06
-2.67 -1.37237e+06
-2.68 -1.37836e+06
-2.69 -1.3844e+06
-2.7 -1.39048e+06
-2.71 -1.39662e+06
-2.72 -1.40281e+06
-2.73 -1.40905e+06
-2.74 -1.41535e+06
-2.75 -1.42169e+06
-2.76 -1.42809e+06
-2.77 -1.43454e+06
-2.78 -1.44105e+06
-2.79 -1.44762e+06
-2.8 -1.45424e+06
-2.81 -1.46091e+06
-2.82 -1.46765e+06
-2.83 -1.47444e+06
-2.84 -1.48129e+06
-2.85 -1.4882e+06
-2.86 -1.49517e+06
-2.87 -1.50221e+06
-2.88 -1.5093e+06
-2.89 -1.51646e+06
-2.9 -1.52368e+06
-2.91 -1.53096e+06
-2.92 -1.53831e+06
-2.93 -1.54573e+06
-2.94 -1.55321e+06
-2.95 -1.56076e+06
-2.96 -1.56837e+06
-2.97 -1.57606e+06
-2.98 -1.58382e+06
-2.99 -1.59164e+06
-3 -1.59954e+06
-3.01 -1.60751e+06
-3.02 -1.61555e+06
-3.03 -1.62367e+06
-3.04 -1.63186e+06
-3.05 -1.64012e+06
-3.06 -1.64846e+06
-3.07 -1.65688e+06
-3.08 -1.66538e+06
-3.09 -1.67396e+06
-3.1 -1.68261e+06
-3.11 -1.69135e+06
-3.12 -1.70017e+06
-3.13 -1.70907e+06
-3.14 -1.71805e+06
-3.15 -1.72712e+06
-3.16 -1.73627e+06
-3.17 -1.74551e+06
-3.18 -1.75484e+06
-3.19 -1.76426e+06
-3.2 -1.77376e+06
-3.21 -1.78336e+06
-3.22 -1.79304e+06
-3.23 -1.80282e+06
-3.24 -1.81269e+06
-3.25 -1.82266e+06
-3.26 -1.83272e+06
-3.27 -1.84287e+06
-3.28 -1.85312e+06
-3.29 -1.86348e+06
-3.3 -1.87393e+06
-3.31 -1.88448e+06
-3.32 -1.89513e+06
-3.33 -1.90588e+06
-3.34 -1.91674e+06
-3.35 -1.9277e+06
-3.36 -1.93877e+06
-3.37 -1.94994e+06
-3.38 -1.96122e+06
-3.39 -1.97261e+06
-3.4 -1.98412e+06
-3.41 -1.99573e+06
-3.42 -2.00745e+06
-3.43 -2.01929e+06
-3.44 -2.03124e+06
-3.45 -2.04331e+06
-3.46 -2.05549e+06
-3.47 -2.0678e+06
-3.48 -2.08022e+06
-3.49 -2.09276e+06
-3.5 -2.10542e+06
-3.51 -2.11821e+06
-3.52 -2.13112e+06
-3.53 -2.14416e+06
-3.54 -2.15732e+06
-3.55 -2.17061e+06
-3.56 -2.18403e+06
-3.57 -2.19758e+06
-3.58 -2.21126e+06
-3.59 -2.22508e+06
-3.6 -2.23903e+06
-3.61 -2.25311e+06
-3.62 -2.26733e+06
-3.63 -2.28169e+06
-3.64 -2.29619e+06
-3.65 -2.31083e+06
-3.66 -2.32561e+06
-3.67 -2.34054e+06
-3.68 -2.35561e+06
-3.69 -2.37083e+06
-3.7 -2.38619e+06
-3.71 -2.4017e+06
-3.72 -2.41737e+06
-3.73 -2.43318e+06
-3.74 -2.44915e+06
-3.75 -2.46527e+06
-3.76 -2.48155e+06
-3.77 -2.49799e+06
-3.78 -2.51459e+06
-3.79 -2.53134e+06
-3.8 -2.54826e+06
-3.81 -2.56535e+06
-3.82 -2.58259e+06
-3.83 -2.60001e+06
-3.84 -2.61759e+06
-3.85 -2.63534e+06
-3.86 -2.65326e+06
-3.87 -2.67136e+06
-3.88 -2.68963e+06
-3.89 -2.70807e+06
-3.9 -2.7267e+06
-3.91 -2.7455e+06
-3.92 -2.76448e+06
-3.93 -2.78364e+06
-3.94 -2.80299e+06
-3.95 -2.82253e+06
-3.96 -2.84225e+06
-3.97 -2.86216e+06
-3.98 -2.88226e+06
-3.99 -2.90255e+06
-4 -2.92194e+06
-3.99 -2.85258e+06
-3.98 -2.78462e+06
-3.97 -2.71805e+06
-3.96 -2.65284e+06
-3.95 -2.58897e+06
-3.94 -2.5264e+06
-3.93 -2.46511e+06
-3.92 -2.40507e+06
-3.91 -2.34627e+06
-3.9 -2.28868e+06
-3.89 -2.23227e+06
-3.88 -2.17702e+06
-3.87 -2.12292e+06
-3.86 -2.06992e+06
-3.85 -2.01803e+06
-3.84 -1.9672e+06
-3.83 -1.91743e+06
-3.82 -1.86869e+06
-3.81 -1.82096e+06
-3.8 -1.77423e+06
-3.79 -1.72846e+06
-3.78 -1.68366e+06
-3.77 -1.63978e+06
-3.76 -1.59683e+06
-3.75 -1.55477e+06
-3.74 -1.51359e+06
-3.73 -1.47328e+06
-3.72 -1.43382e+06
-3.71 -1.39519e+06
-3.7 -1.35737e+06
-3.69 -1.32035e+06
-3.68 -1.28412e+06
-3.67 -1.24865e+06
-3.66 -1.21394e+06
-3.65 -1.17997e+06
-3.64 -1.14672e+06
-3.63 -1.11417e+06
-3.62 -1.08233e+06
-3.61 -1.05117e+06
-3.6 -1.02067e+06
-3.59 -990836
-3.58 -961641
-3.57 -933077
-3.56 -905130
-3.55 -877789
-3.54 -851043
-3.53 -824878
-3.52 -799284
-3.51 -774250
-3.5 -749765
-3.49 -725817
-3.48 -702396
-3.47 -679492
-3.46 -657094
-3.45 -635192
-3.44 -613777
-3.43 -592839
-3.42 -572369
-3.41 -552356
-3.4 -532793
-3.39 -513670
-3.38 -494978
-3.37 -476708
-3.36 -458853
-3.35 -441404
-3.34 -424353
-3.33 -407691
-3.32 -391411
-3.31 -375506
-3.3 -359967
-3.29 -344788
-3.28 -329961
-3.27 -315478
-3.26 -301334
-3.25 -287521
-3.24 -274031
-3.23 -260860
-3.22 -248000
-3.21 -235445
-3.2 -223188
-3.19 -211224
-3.18 -199546
-3.17 -188149
-3.16 -177026
-3.15 -166173
-3.14 -155583
-3.13 -145251
-3.12 -135172
-3.11 -125340
-3.1 -115750
-3.09 -106397
-3.08 -97276.3
-3.07 -88382.7
-3.06 -79711.6
-3.05 -71258.1
-3.04 -63017.6
-3.03 -54985.6
-3.02 -47157.7
-3.01 -39529.4
-3 -32096.5
-2.99 -24854.7
-2.98 -17800
-2.97 -10928.2
-2.96 -4235.39
-2.95 2282.36
-2.94 8628.88
-2.93 14807.9
-2.92 20823.2
-2.91 26678.4
-2.9 32377
-2.89 37922.4
-2.88 43318.3
-2.87 48567.8
-2.86 53674.3
-2.85 58641.1
-2.84 63471.3
-2.83 68168
-2.82 72734.4
-2.81 77173.3
-2.8 81487.8
-2.79 85680.8
-2.78 89755.1
-2.77 93713.4
-2.76 97558.6
-2.75 101293
-2.74 104920
-2.73 108441
-2.72 111860
-2.71 115179
-2.7 118399
-2.69 121525
-2.68 124557
-2.67 127498
-2.66 130351
-2.65 133118
-2.64 135800
-2.63 138400
-2.62 140921
-2.61 143364
-2.6 145731
-2.59 148024
-2.58 150245
-2.57 152396
-2.56 154479
-2.55 156496
-2.54 158449
-2.53 160338
-2.52 162167
-2.51 163936
-2.5 165648
-2.49 167304
-2.48 168905
-2.47 170453
-2.46 171950
-2.45 173398
-2.44 174797
-2.43 176149
-2.42 177456
-2.41 178719
-2.4 179939
-2.39 181117
-2.38 182256
-2.37 183356
-2.36 184419
-2.35 185445
-2.34 186436
-2.33 187394
-2.32 188318
-2.31 189212
-2.3 190075
-2.29 190908
-2.28 191714
-2.27 192492
-2.26 193244
-2.25 193971
-2.24 194674
-2.23 195354
-2.22 196011
-2.21 196647
-2.2 197263
-2.19 197860
-2.18 198438
-2.17 198998
-2.16 199541
-2.15 200068
-2.14 200580
-2.13 201078
-2.12 201561
-2.11 202032
-2.1 202491
-2.09 202938
-2.08 203374
-2.07 203800
-2.06 204217
-2.05 204625
-2.04 205025
-2.03 205418
-2.02 205804
-2.01 206183
-2 206557
-1.99 206926
-1.98 207290
-1.97 207651
-1.96 208008
-1.95 208362
-1.94 208714
-1.93 209064
-1.92 209412
-1.91 209760
-1.9 210108
-1.89 210455
-1.88 210803
-1.87 211152
-1.86 211502
-1.85 211855
-1.84 212209
-1.83 212566
-1.82 212926
-1.81 213289
-1.8 213657
-1.79 214028
-1.78 214403
-1.77 214784
-1.76 215170
-1.75 215561
-1.74 215958
-1.73 216361
-1.72 216770
-1.71 217186
-1.7 217609
-1.69 218039
-1.68 218477
-1.67 218923
-1.66 219376
-1.65 219838
-1.64 220308
-1.63 220787
-1.62 221275
-1.61 221773
-1.6 222279
-1.59 222795
-1.58 223321
-1.57 223857
-1.56 224403
-1.55 224960
-1.54 225527
-1.53 226105
-1.52 226693
-1.51 227293
-1.5 227904
-1.49 228526
-1.48 229160
-1.47 229805
-1.46 230462
-1.45 231131
-1.44 231811
-1.43 232504
-1.42 233209
-1.41 233927
-1.4 234657
-1.39 235399
-1.38 236154
-1.37 236922
-1.36 237702
-1.35 238496
-1.34 239302
-1.33 240121
-1.32 240954
-1.31 241800
-1.3 242658
-1.29 243530
-1.28 244416
-1.27 245315
-1.26 246227
-1.25 247153
-1.24 248092
-1.23 249045
-1.22 250011
-1.21 250992
-1.2 251985
-1.19 252993
-1.18 254014
-1.17 255049
-1.16 256097
-1.15 257160
-1.14 258236
-1.13 259326
-1.12 260429
-1.11 261547
-1.1 262678
-1.09 263823
-1.08 264982
-1.07 266155
-1.06 267341
-1.05 268542
-1.04 269756
-1.03 270983
-1.02 272225
-1.01 273480
-1 274749
-0.99 276031
-0.98 277328
-0.97 278637
-0.96 279961
-0.95 281298
-0.94 282648
-0.93 284012
-0.92 285390
-0.91 286781
-0.9 288185
-0.89 289603
-0.88 291034
-0.87 292478
-0.86 293935
-0.85 295406
-0.84 296890
-0.83 298387
-0.82 299897
-0.81 301420
-0.8 302956
-0.79 304505
-0.78 306066
-0.77 307641
-0.76 309228
-0.75 310828
-0.74 312441
-0.73 314066
-0.72 315704
-0.71 317354
-0.7 319017
-0.69 320691
-0.68 322379
-0.67 324078
-0.66 325790
-0.65 327513
-0.64 329249
-0.63 330997
-0.62 332757
-0.61 334528
-0.6 336311
-0.59 338106
-0.58 339913
-0.57 341731
-0.56 343561
-0.55 345402
-0.54 347254
-0.53 349118
-0.52 350993
-0.51 352880
-0.5 354777
-0.49 356685
-0.48 358605
-0.47 360535
-0.46 362476
-0.45 364428
-0.44 366390
-0.43 368363
-0.42 370347
-0.41 372341
-0.4 374345
-0.39 376360
-0.38 378385
-0.37 380420
-0.36 382465
-0.35 384521
-0.34 386586
-0.33 388661
-0.32 390746
-0.31 392841
-0.3 394945
-0.29 397059
-0.28 399183
-0.27 401316
-0.26 403459
-0.25 405610
-0.24 407771
-0.23 409942
-0.22 412121
-0.21 414309
-0.2 416507
-0.19 418713
-0.18 420928
-0.17 423152
-0.16 425384
-0.15 427625
-0.14 429875
-0.13 432133
-0.12 434400
-0.11 436675
-0.1 438958
-0.09 441250
-0.08 443549
-0.07 445857
-0.06 448173
-0.05 450497
-0.04 452828
-0.03 455168
-0.02 457515
-0.01 459870
-1.35308e-16 462233
